#(carId,StartTime,road...)
(10000,1,5041,5030,5019,5008,5002)
28--->22--->16--->10--->4--->3

(10001,2,5030,5041,5052)
16--->22--->28--->34

(10002,1,5049,5038,5027,5016,5011,5012)
31--->25--->19--->13--->7--->8--->9

(10003,2,5030,5019,5008)
22--->16--->10--->4

(10004,3,5040,5029,5018,5012,5011)
27--->21--->15--->9--->8--->7

(10005,1,5028,5017,5006,5000)
20--->14--->8--->2--->1

(10006,3,5006,5017,5028,5039,5050,5056,5057,5058,5059)
2--->8--->14--->20--->26--->32--->33--->34--->35--->36

(10007,2,5009,5020,5031,5042,5047)
5--->11--->17--->23--->29--->28

(10008,2,5028,5017,5006,5000)
20--->14--->8--->2--->1

(10009,1,5005,5016,5027,5033,5034,5035,5036,5037)
1--->7--->13--->19--->20--->21--->22--->23--->24

(10010,2,5016,5027,5038,5049,5055)
7--->13--->19--->25--->31--->32

(10011,1,5020,5031,5042,5053,5058,5057,5056)
11--->17--->23--->29--->35--->34--->33--->32

(10012,2,5051,5040,5029,5018,5013)
33--->27--->21--->15--->9--->10

(10013,3,5053,5042,5031,5020,5009)
35--->29--->23--->17--->11--->5

(10014,1,5039,5028,5017,5012,5007,5002,5003,5004)
26--->20--->14--->8--->9--->3--->4--->5--->6

(10015,3,5008,5019,5030)
4--->10--->16--->22

(10016,1,5049,5038,5027,5016,5005)
31--->25--->19--->13--->7--->1

(10017,4,5010,5021,5032,5043,5048)
6--->12--->18--->24--->30--->29

(10018,2,5030,5019,5008)
22--->16--->10--->4

(10019,1,5028,5017,5006)
20--->14--->8--->2

(10020,1,5010,5021,5032,5043,5054,5059)
6--->12--->18--->24--->30--->36--->35

(10021,6,5005,5016,5027,5038,5049,5055,5056,5057,5058,5059)
1--->7--->13--->19--->25--->31--->32--->33--->34--->35--->36

(10022,1,5043,5032,5021,5015,5014,5013,5012)
30--->24--->18--->12--->11--->10--->9--->8

(10023,2,5027,5038,5049,5055,5056)
13--->19--->25--->31--->32--->33

(10024,2,5031,5042,5053)
17--->23--->29--->35

(10025,1,5031,5042,5053,5059)
17--->23--->29--->35--->36

(10026,5,5027,5038,5049,5055,5056,5057,5058)
13--->19--->25--->31--->32--->33--->34--->35

(10027,3,5019,5030,5041,5052,5057)
10--->16--->22--->28--->34--->33

(10028,6,5042,5031,5020,5009,5003)
29--->23--->17--->11--->5--->4

(10029,1,5008,5019,5030,5041,5047,5048)
4--->10--->16--->22--->28--->29--->30

(10030,1,5028,5039,5050,5056)
14--->20--->26--->32--->33

(10031,3,5027,5038,5049,5055,5056,5057)
13--->19--->25--->31--->32--->33--->34

(10032,1,5029,5018,5007,5001,5000)
21--->15--->9--->3--->2--->1

(10033,3,5030,5041,5052,5058)
16--->22--->28--->34--->35

(10034,3,5007,5018,5029,5040,5051,5057,5058)
3--->9--->15--->21--->27--->33--->34--->35

(10035,3,5006,5017,5028,5034,5035,5036,5037)
2--->8--->14--->20--->21--->22--->23--->24

(10036,1,5031,5042,5053,5059)
17--->23--->29--->35--->36

(10037,5,5032,5021,5010)
24--->18--->12--->6

(10038,3,5030,5041,5052,5058,5059)
16--->22--->28--->34--->35--->36

(10039,1,5027,5038,5049,5055,5056)
13--->19--->25--->31--->32--->33

(10040,3,5031,5042,5053,5059)
17--->23--->29--->35--->36

(10041,2,5049,5038,5027)
31--->25--->19--->13

(10042,6,5052,5041,5030)
34--->28--->22--->16

(10043,2,5031,5020,5009)
23--->17--->11--->5

(10044,1,5041,5030,5019)
28--->22--->16--->10

(10045,1,5031,5020,5009,5003)
23--->17--->11--->5--->4

(10046,1,5007,5018,5029,5040,5051,5056)
3--->9--->15--->21--->27--->33--->32

(10047,2,5053,5042,5031,5025,5024,5023)
35--->29--->23--->17--->16--->15--->14

(10048,2,5031,5042,5053,5059)
17--->23--->29--->35--->36

(10049,1,5041,5030,5019,5013,5012,5011)
28--->22--->16--->10--->9--->8--->7

(10050,1,5005,5016,5027,5038,5044)
1--->7--->13--->19--->25--->26

(10051,1,5027,5016,5005)
19--->13--->7--->1

(10052,2,5030,5019,5008,5002,5001,5000)
22--->16--->10--->4--->3--->2--->1

(10053,1,5027,5016,5005)
19--->13--->7--->1

(10054,3,5038,5027,5016,5011,5012,5007,5002,5003,5004)
25--->19--->13--->7--->8--->9--->3--->4--->5--->6

(10055,2,5031,5042,5053)
17--->23--->29--->35

(10056,2,5054,5043,5032)
36--->30--->24--->18

(10057,3,5031,5020,5009)
23--->17--->11--->5

(10058,1,5032,5043,5054)
18--->24--->30--->36

(10059,5,5040,5029,5018,5007,5002,5003)
27--->21--->15--->9--->3--->4--->5

(10060,3,5043,5032,5021,5015,5014)
30--->24--->18--->12--->11--->10

(10061,4,5016,5027,5038,5044,5045,5046,5047,5048)
7--->13--->19--->25--->26--->27--->28--->29--->30

(10062,3,5030,5019,5008)
22--->16--->10--->4

(10063,1,5006,5017,5028,5039,5050,5056,5057,5058,5059)
2--->8--->14--->20--->26--->32--->33--->34--->35--->36

(10064,8,5050,5039,5028,5017,5011)
32--->26--->20--->14--->8--->7

(10065,4,5009,5020,5031,5042,5053,5059)
5--->11--->17--->23--->29--->35--->36

(10066,3,5007,5018,5029,5040,5051)
3--->9--->15--->21--->27--->33

(10067,11,5040,5029,5018)
27--->21--->15--->9

(10068,2,5032,5021,5010,5004,5003)
24--->18--->12--->6--->5--->4

(10069,1,5027,5016,5005)
19--->13--->7--->1

(10070,3,5030,5019,5008,5002,5001,5000)
22--->16--->10--->4--->3--->2--->1

(10071,1,5010,5021,5032,5043,5054,5059,5058,5057,5056,5055)
6--->12--->18--->24--->30--->36--->35--->34--->33--->32--->31

(10072,1,5052,5041,5030,5019,5013)
34--->28--->22--->16--->10--->9

(10073,2,5006,5017,5028)
2--->8--->14--->20

(10074,3,5031,5020,5009)
23--->17--->11--->5

(10075,2,5008,5019,5030,5041,5052,5057,5056)
4--->10--->16--->22--->28--->34--->33--->32

(10076,4,5019,5030,5041)
10--->16--->22--->28

(10077,2,5017,5028,5039,5050,5056)
8--->14--->20--->26--->32--->33

(10078,2,5051,5040,5029,5018,5007)
33--->27--->21--->15--->9--->3

(10079,4,5016,5027,5038,5049,5055,5056,5057,5058,5059)
7--->13--->19--->25--->31--->32--->33--->34--->35--->36

(10080,2,5043,5032,5021,5010,5004)
30--->24--->18--->12--->6--->5

(10081,3,5007,5018,5029,5035,5036)
3--->9--->15--->21--->22--->23

(10082,12,5040,5029,5018,5007)
27--->21--->15--->9--->3

(10083,3,5020,5031,5042,5053,5059)
11--->17--->23--->29--->35--->36

(10084,3,5019,5030,5041)
10--->16--->22--->28

(10085,4,5010,5021,5032,5043,5054,5059,5058,5057)
6--->12--->18--->24--->30--->36--->35--->34--->33

(10086,1,5053,5042,5031,5025,5024,5023)
35--->29--->23--->17--->16--->15--->14

(10087,3,5020,5031,5042,5053)
11--->17--->23--->29--->35

(10088,6,5032,5043,5054)
18--->24--->30--->36

(10089,1,5031,5020,5009)
23--->17--->11--->5

(10090,2,5006,5017,5028,5034,5035,5036)
2--->8--->14--->20--->21--->22--->23

(10091,3,5052,5041,5030,5019,5008,5002)
34--->28--->22--->16--->10--->4--->3

(10092,1,5050,5039,5028,5017,5012,5013)
32--->26--->20--->14--->8--->9--->10

(10093,2,5043,5032,5021,5010,5004,5003)
30--->24--->18--->12--->6--->5--->4

(10094,2,5018,5029,5040,5051,5057,5058)
9--->15--->21--->27--->33--->34--->35

(10095,5,5049,5038,5027,5016,5011,5012)
31--->25--->19--->13--->7--->8--->9

(10096,6,5052,5041,5030,5019,5014)
34--->28--->22--->16--->10--->11

(10097,1,5053,5042,5031,5020)
35--->29--->23--->17--->11

(10098,1,5016,5027,5038,5044)
7--->13--->19--->25--->26

(10099,2,5032,5043,5054)
18--->24--->30--->36

(10100,4,5005,5016,5027,5033,5034,5035)
1--->7--->13--->19--->20--->21--->22

(10101,2,5027,5016,5005)
19--->13--->7--->1

(10102,1,5038,5027,5016,5005,5000,5001,5002)
25--->19--->13--->7--->1--->2--->3--->4

(10103,1,5052,5041,5030,5019,5008,5002)
34--->28--->22--->16--->10--->4--->3

(10104,2,5007,5018,5029,5040,5051,5056)
3--->9--->15--->21--->27--->33--->32

(10105,3,5027,5016,5005)
19--->13--->7--->1

(10106,2,5031,5020,5009,5003,5002)
23--->17--->11--->5--->4--->3

(10107,2,5028,5039,5050)
14--->20--->26--->32

(10108,3,5019,5030,5041,5047)
10--->16--->22--->28--->29

(10109,1,5039,5028,5017)
26--->20--->14--->8

(10110,1,5031,5042,5053,5059)
17--->23--->29--->35--->36

(10111,3,5019,5030,5041,5052,5057,5056,5055)
10--->16--->22--->28--->34--->33--->32--->31

(10112,1,5006,5017,5028,5034,5035)
2--->8--->14--->20--->21--->22

(10113,3,5029,5040,5051,5057,5058,5059)
15--->21--->27--->33--->34--->35--->36

(10114,4,5042,5031,5020,5009,5003,5002)
29--->23--->17--->11--->5--->4--->3

(10115,2,5031,5042,5053)
17--->23--->29--->35

(10116,3,5038,5027,5016,5005,5000)
25--->19--->13--->7--->1--->2

(10117,2,5031,5042,5053,5059)
17--->23--->29--->35--->36

(10118,2,5032,5021,5010)
24--->18--->12--->6

(10119,1,5031,5020,5009)
23--->17--->11--->5

(10120,1,5041,5030,5019)
28--->22--->16--->10

(10121,3,5031,5042,5053,5059)
17--->23--->29--->35--->36

(10122,1,5010,5021,5032,5043,5054)
6--->12--->18--->24--->30--->36

(10123,1,5041,5030,5019,5008,5002,5001,5000)
28--->22--->16--->10--->4--->3--->2--->1

(10124,1,5019,5030,5041,5052,5058)
10--->16--->22--->28--->34--->35

(10125,3,5028,5017,5006)
20--->14--->8--->2

(10126,2,5050,5039,5028,5017,5006,5001,5002)
32--->26--->20--->14--->8--->2--->3--->4

(10127,3,5043,5032,5021,5015)
30--->24--->18--->12--->11

(10128,4,5016,5027,5038)
7--->13--->19--->25

(10129,4,5021,5032,5043,5054,5059,5058)
12--->18--->24--->30--->36--->35--->34

(10130,5,5017,5028,5039,5050,5056,5057,5058)
8--->14--->20--->26--->32--->33--->34--->35

(10131,1,5006,5017,5028,5039,5050,5056,5057,5058,5059)
2--->8--->14--->20--->26--->32--->33--->34--->35--->36

(10132,20,5027,5016,5005)
19--->13--->7--->1

(10133,2,5053,5042,5031,5020,5009,5003,5002)
35--->29--->23--->17--->11--->5--->4--->3

(10134,1,5039,5028,5017,5011)
26--->20--->14--->8--->7

(10135,1,5006,5017,5028,5039,5050,5056,5057)
2--->8--->14--->20--->26--->32--->33--->34

(10136,1,5018,5029,5040,5046,5047)
9--->15--->21--->27--->28--->29

(10137,1,5010,5021,5032,5043,5048,5047)
6--->12--->18--->24--->30--->29--->28

(10138,2,5043,5032,5021,5015)
30--->24--->18--->12--->11

(10139,2,5054,5043,5032,5021,5015,5014)
36--->30--->24--->18--->12--->11--->10

(10140,7,5052,5041,5030,5019,5013,5012)
34--->28--->22--->16--->10--->9--->8

(10141,7,5042,5031,5020,5009,5003,5002,5001)
29--->23--->17--->11--->5--->4--->3--->2

(10142,2,5049,5038,5027,5022,5023,5018,5013,5014,5015)
31--->25--->19--->13--->14--->15--->9--->10--->11--->12

(10143,4,5042,5031,5020,5014,5013,5012)
29--->23--->17--->11--->10--->9--->8

(10144,3,5031,5020,5009,5003)
23--->17--->11--->5--->4

(10145,1,5017,5028,5039,5050)
8--->14--->20--->26--->32

(10146,3,5028,5039,5050,5056,5057,5058,5059)
14--->20--->26--->32--->33--->34--->35--->36

(10147,5,5042,5031,5020,5009,5003)
29--->23--->17--->11--->5--->4

(10148,2,5010,5021,5032,5043,5054,5059,5058,5057,5056,5055)
6--->12--->18--->24--->30--->36--->35--->34--->33--->32--->31

(10149,3,5007,5018,5029,5040,5046)
3--->9--->15--->21--->27--->28

(10150,2,5032,5021,5010,5004)
24--->18--->12--->6--->5

(10151,4,5030,5019,5008,5002)
22--->16--->10--->4--->3

(10152,4,5028,5017,5006)
20--->14--->8--->2

(10153,4,5027,5016,5005)
19--->13--->7--->1

(10154,2,5009,5020,5031,5042,5047,5046,5045)
5--->11--->17--->23--->29--->28--->27--->26

(10155,2,5050,5039,5028)
32--->26--->20--->14

(10156,4,5010,5021,5032,5037,5036,5041,5046,5045,5044)
6--->12--->18--->24--->23--->22--->28--->27--->26--->25

(10157,4,5010,5021,5032,5043,5054,5059,5058,5057,5056,5055)
6--->12--->18--->24--->30--->36--->35--->34--->33--->32--->31

(10158,1,5050,5039,5028,5017,5006,5001,5002)
32--->26--->20--->14--->8--->2--->3--->4

(10159,3,5031,5020,5009)
23--->17--->11--->5

(10160,7,5042,5031,5020,5009,5003)
29--->23--->17--->11--->5--->4

(10161,1,5019,5030,5041,5047)
10--->16--->22--->28--->29

(10162,4,5043,5032,5021)
30--->24--->18--->12

(10163,2,5029,5018,5007,5001)
21--->15--->9--->3--->2

(10164,13,5032,5021,5010,5004,5003,5002)
24--->18--->12--->6--->5--->4--->3

(10165,5,5027,5038,5049,5055)
13--->19--->25--->31--->32

(10166,1,5043,5032,5021,5015,5014,5013,5012,5011)
30--->24--->18--->12--->11--->10--->9--->8--->7

(10167,1,5040,5029,5018,5012,5011)
27--->21--->15--->9--->8--->7

(10168,4,5053,5042,5031,5020,5014)
35--->29--->23--->17--->11--->10

(10169,1,5019,5030,5041,5052,5058,5059)
10--->16--->22--->28--->34--->35--->36

(10170,2,5009,5020,5031,5042,5047)
5--->11--->17--->23--->29--->28

(10171,3,5029,5040,5051)
15--->21--->27--->33

(10172,2,5052,5041,5030,5019,5008,5002)
34--->28--->22--->16--->10--->4--->3

(10173,2,5016,5027,5038,5049,5055,5056,5057,5058)
7--->13--->19--->25--->31--->32--->33--->34--->35

(10174,1,5006,5017,5028,5039)
2--->8--->14--->20--->26

(10175,1,5054,5043,5032,5021,5010,5004,5003)
36--->30--->24--->18--->12--->6--->5--->4

(10176,2,5021,5032,5043,5054,5059,5058,5057)
12--->18--->24--->30--->36--->35--->34--->33

(10177,2,5043,5032,5021)
30--->24--->18--->12

(10178,1,5021,5032,5043,5054,5059)
12--->18--->24--->30--->36--->35

(10179,2,5020,5031,5042)
11--->17--->23--->29

(10180,2,5028,5017,5006,5000)
20--->14--->8--->2--->1

(10181,2,5031,5042,5053)
17--->23--->29--->35

(10182,1,5019,5030,5041,5052,5057,5056,5055)
10--->16--->22--->28--->34--->33--->32--->31

(10183,2,5041,5030,5019,5013)
28--->22--->16--->10--->9

(10184,8,5050,5039,5028)
32--->26--->20--->14

(10185,3,5018,5029,5040,5051,5056,5055)
9--->15--->21--->27--->33--->32--->31

(10186,1,5010,5021,5032,5043,5048,5047,5046)
6--->12--->18--->24--->30--->29--->28--->27

(10187,2,5010,5021,5032,5043,5048,5047)
6--->12--->18--->24--->30--->29--->28

(10188,3,5027,5038,5049,5055,5056,5057,5058)
13--->19--->25--->31--->32--->33--->34--->35

(10189,1,5008,5019,5030,5036)
4--->10--->16--->22--->23

(10190,2,5028,5017,5006)
20--->14--->8--->2

(10191,1,5040,5029,5018,5007,5002,5003)
27--->21--->15--->9--->3--->4--->5

(10192,1,5020,5031,5042,5053,5059)
11--->17--->23--->29--->35--->36

(10193,4,5030,5041,5052)
16--->22--->28--->34

(10194,2,5028,5017,5006,5000)
20--->14--->8--->2--->1

(10195,1,5040,5029,5018,5007,5001,5000)
27--->21--->15--->9--->3--->2--->1

(10196,3,5041,5030,5019,5008,5002,5001)
28--->22--->16--->10--->4--->3--->2

(10197,5,5049,5038,5027,5016,5005)
31--->25--->19--->13--->7--->1

(10198,14,5032,5021,5010,5004,5003,5002,5001,5000)
24--->18--->12--->6--->5--->4--->3--->2--->1

(10199,2,5029,5018,5007,5001,5000)
21--->15--->9--->3--->2--->1

(10200,1,5005,5016,5027,5033,5034)
1--->7--->13--->19--->20--->21

(10201,2,5028,5017,5006,5000)
20--->14--->8--->2--->1

(10202,3,5040,5029,5018,5012)
27--->21--->15--->9--->8

(10203,2,5008,5019,5030,5041,5047)
4--->10--->16--->22--->28--->29

(10204,3,5032,5021,5010,5004,5003)
24--->18--->12--->6--->5--->4

(10205,1,5041,5030,5019,5013,5012,5011)
28--->22--->16--->10--->9--->8--->7

(10206,1,5030,5019,5008)
22--->16--->10--->4

(10207,2,5029,5018,5007,5001,5000)
21--->15--->9--->3--->2--->1

(10208,2,5029,5040,5051,5057,5058,5059)
15--->21--->27--->33--->34--->35--->36

(10209,2,5052,5041,5030)
34--->28--->22--->16

(10210,3,5050,5039,5028,5017,5006)
32--->26--->20--->14--->8--->2

(10211,6,5049,5038,5027,5016,5005,5000,5001)
31--->25--->19--->13--->7--->1--->2--->3

(10212,4,5043,5032,5021,5015,5014,5013,5012,5011)
30--->24--->18--->12--->11--->10--->9--->8--->7

(10213,3,5032,5021,5010,5004)
24--->18--->12--->6--->5

(10214,3,5052,5041,5030,5024)
34--->28--->22--->16--->15

(10215,2,5016,5027,5038,5049,5055)
7--->13--->19--->25--->31--->32

(10216,5,5010,5021,5032,5043,5054,5059,5058,5057)
6--->12--->18--->24--->30--->36--->35--->34--->33

(10217,2,5028,5017,5006,5000)
20--->14--->8--->2--->1

(10218,1,5021,5032,5043,5054,5059)
12--->18--->24--->30--->36--->35

(10219,6,5017,5028,5039)
8--->14--->20--->26

(10220,7,5017,5028,5039,5045)
8--->14--->20--->26--->27

(10221,6,5005,5016,5027,5038)
1--->7--->13--->19--->25

(10222,1,5029,5018,5007,5001,5000)
21--->15--->9--->3--->2--->1

(10223,1,5030,5041,5052,5058)
16--->22--->28--->34--->35

(10224,2,5031,5042,5053,5059)
17--->23--->29--->35--->36

(10225,2,5021,5032,5043,5054,5059)
12--->18--->24--->30--->36--->35

(10226,4,5032,5021,5010,5004)
24--->18--->12--->6--->5

(10227,4,5016,5027,5038,5049,5055,5056)
7--->13--->19--->25--->31--->32--->33

(10228,2,5018,5029,5040,5051)
9--->15--->21--->27--->33

(10229,2,5041,5030,5019,5013,5012)
28--->22--->16--->10--->9--->8

(10230,21,5027,5016,5005)
19--->13--->7--->1

(10231,2,5039,5028,5017,5006,5001,5002,5003)
26--->20--->14--->8--->2--->3--->4--->5

(10232,2,5054,5043,5032,5021,5015)
36--->30--->24--->18--->12--->11

(10233,3,5031,5020,5009,5003,5002,5001)
23--->17--->11--->5--->4--->3--->2

(10234,1,5031,5042,5053,5059)
17--->23--->29--->35--->36

(10235,2,5030,5041,5052,5058,5059)
16--->22--->28--->34--->35--->36

(10236,3,5050,5039,5028)
32--->26--->20--->14

(10237,11,5032,5043,5054)
18--->24--->30--->36

(10238,5,5016,5027,5038,5049)
7--->13--->19--->25--->31

(10239,1,5029,5040,5051,5057,5058,5059)
15--->21--->27--->33--->34--->35--->36

(10240,2,5031,5042,5053,5059)
17--->23--->29--->35--->36

(10241,3,5041,5030,5019,5008,5003)
28--->22--->16--->10--->4--->5

(10242,1,5017,5028,5039,5050,5056,5057,5058)
8--->14--->20--->26--->32--->33--->34--->35

(10243,1,5042,5031,5020,5014,5013)
29--->23--->17--->11--->10--->9

(10244,1,5040,5029,5018,5007,5002,5003)
27--->21--->15--->9--->3--->4--->5

(10245,4,5052,5041,5030,5019,5013)
34--->28--->22--->16--->10--->9

(10246,4,5027,5038,5049,5055)
13--->19--->25--->31--->32

(10247,7,5005,5016,5027,5038,5049)
1--->7--->13--->19--->25--->31

(10248,1,5006,5017,5028)
2--->8--->14--->20

(10249,4,5020,5031,5042,5053,5058)
11--->17--->23--->29--->35--->34

(10250,1,5042,5031,5020,5014,5013,5012)
29--->23--->17--->11--->10--->9--->8

(10251,21,5027,5016,5005)
19--->13--->7--->1

(10252,4,5030,5041,5052)
16--->22--->28--->34

(10253,3,5009,5020,5031,5042,5047)
5--->11--->17--->23--->29--->28

(10254,2,5008,5019,5030,5036)
4--->10--->16--->22--->23

(10255,1,5030,5019,5008)
22--->16--->10--->4

(10256,2,5038,5027,5016,5005,5000,5001,5002)
25--->19--->13--->7--->1--->2--->3--->4

(10257,1,5027,5038,5049,5055,5056,5057,5058,5059)
13--->19--->25--->31--->32--->33--->34--->35--->36

(10258,1,5032,5021,5010,5004,5003,5002)
24--->18--->12--->6--->5--->4--->3

(10259,1,5008,5019,5030,5036)
4--->10--->16--->22--->23

(10260,6,5049,5038,5027,5016,5011)
31--->25--->19--->13--->7--->8

(10261,4,5050,5039,5028,5022)
32--->26--->20--->14--->13

(10262,4,5019,5030,5041,5052,5058,5059)
10--->16--->22--->28--->34--->35--->36

(10263,2,5029,5018,5007,5001,5000)
21--->15--->9--->3--->2--->1

(10264,1,5051,5040,5029,5018,5013,5014)
33--->27--->21--->15--->9--->10--->11

(10265,1,5018,5029,5040,5046)
9--->15--->21--->27--->28

(10266,2,5021,5032,5043,5054,5059)
12--->18--->24--->30--->36--->35

(10267,4,5007,5018,5029,5040,5051,5057)
3--->9--->15--->21--->27--->33--->34

(10268,1,5029,5018,5007)
21--->15--->9--->3

(10269,3,5043,5032,5021,5010)
30--->24--->18--->12--->6

(10270,2,5042,5031,5020,5014,5013,5012,5011)
29--->23--->17--->11--->10--->9--->8--->7

(10271,3,5029,5018,5007,5001)
21--->15--->9--->3--->2

(10272,2,5030,5041,5052)
16--->22--->28--->34

(10273,2,5018,5029,5040)
9--->15--->21--->27

(10274,1,5020,5031,5042,5053,5058,5057,5056,5055)
11--->17--->23--->29--->35--->34--->33--->32--->31

(10275,2,5040,5029,5018,5007)
27--->21--->15--->9--->3

(10276,1,5018,5029,5040)
9--->15--->21--->27

(10277,1,5031,5020,5009,5003,5002,5001,5000)
23--->17--->11--->5--->4--->3--->2--->1

(10278,4,5053,5042,5031,5020,5015)
35--->29--->23--->17--->11--->12

(10279,1,5051,5040,5029,5018,5013,5014,5015)
33--->27--->21--->15--->9--->10--->11--->12

(10280,12,5040,5029,5018)
27--->21--->15--->9

(10281,1,5030,5041,5052)
16--->22--->28--->34

(10282,3,5028,5017,5006)
20--->14--->8--->2

(10283,3,5009,5020,5031,5042,5047,5046)
5--->11--->17--->23--->29--->28--->27

(10284,1,5007,5018,5029,5040,5051,5057)
3--->9--->15--->21--->27--->33--->34

(10285,1,5038,5027,5016)
25--->19--->13--->7

(10286,2,5010,5021,5032,5043,5054,5059,5058,5057,5056,5055)
6--->12--->18--->24--->30--->36--->35--->34--->33--->32--->31

(10287,2,5017,5028,5039,5050,5056,5057,5058,5059)
8--->14--->20--->26--->32--->33--->34--->35--->36

(10288,2,5006,5017,5028,5039,5050,5056)
2--->8--->14--->20--->26--->32--->33

(10289,1,5027,5038,5049,5055)
13--->19--->25--->31--->32

(10290,5,5009,5020,5031,5042)
5--->11--->17--->23--->29

(10291,1,5039,5028,5017,5006,5001)
26--->20--->14--->8--->2--->3

(10292,3,5049,5038,5027,5016,5005,5000)
31--->25--->19--->13--->7--->1--->2

(10293,4,5005,5016,5027,5038,5049,5055,5056,5057,5058)
1--->7--->13--->19--->25--->31--->32--->33--->34--->35

(10294,3,5038,5027,5016,5005,5000,5001)
25--->19--->13--->7--->1--->2--->3

(10295,4,5029,5018,5007,5001,5000)
21--->15--->9--->3--->2--->1

(10296,3,5010,5021,5032,5043,5048,5047)
6--->12--->18--->24--->30--->29--->28

(10297,1,5054,5043,5032,5026,5025)
36--->30--->24--->18--->17--->16

(10298,2,5007,5018,5029,5035,5036,5037)
3--->9--->15--->21--->22--->23--->24

(10299,5,5027,5016,5005)
19--->13--->7--->1

(10300,2,5042,5031,5020,5014,5013)
29--->23--->17--->11--->10--->9

(10301,5,5010,5021,5032,5043)
6--->12--->18--->24--->30

(10302,5,5009,5020,5031,5036,5041,5046,5045,5044)
5--->11--->17--->23--->22--->28--->27--->26--->25

(10303,2,5029,5018,5007)
21--->15--->9--->3

(10304,1,5051,5040,5029,5018,5007,5002,5003)
33--->27--->21--->15--->9--->3--->4--->5

(10305,2,5031,5042,5053,5059)
17--->23--->29--->35--->36

(10306,3,5031,5042,5053)
17--->23--->29--->35

(10307,6,5027,5038,5049,5055,5056)
13--->19--->25--->31--->32--->33

(10308,1,5016,5027,5038,5049,5055,5056,5057,5058)
7--->13--->19--->25--->31--->32--->33--->34--->35

(10309,4,5031,5020,5009)
23--->17--->11--->5

(10310,1,5039,5028,5017,5006,5001,5002,5003)
26--->20--->14--->8--->2--->3--->4--->5

(10311,1,5018,5029,5040,5046,5047)
9--->15--->21--->27--->28--->29

(10312,1,5007,5018,5029,5035)
3--->9--->15--->21--->22

(10313,3,5028,5039,5050)
14--->20--->26--->32

(10314,1,5009,5020,5031)
5--->11--->17--->23

(10315,1,5038,5027,5016)
25--->19--->13--->7

(10316,4,5050,5039,5028,5022)
32--->26--->20--->14--->13

(10317,14,5032,5021,5010,5004)
24--->18--->12--->6--->5

(10318,3,5054,5043,5032,5026)
36--->30--->24--->18--->17

(10319,3,5054,5043,5032,5026,5025,5024,5023,5022)
36--->30--->24--->18--->17--->16--->15--->14--->13

(10320,4,5020,5031,5042,5053)
11--->17--->23--->29--->35

(10321,5,5010,5021,5032,5043,5054,5059,5058,5057,5056,5055)
6--->12--->18--->24--->30--->36--->35--->34--->33--->32--->31

(10322,4,5040,5029,5018,5007,5002,5003)
27--->21--->15--->9--->3--->4--->5

(10323,1,5050,5039,5028,5017,5006,5000)
32--->26--->20--->14--->8--->2--->1

(10324,2,5030,5019,5008,5002,5001,5000)
22--->16--->10--->4--->3--->2--->1

(10325,3,5051,5040,5029,5018,5012)
33--->27--->21--->15--->9--->8

(10326,3,5051,5040,5029,5018,5007)
33--->27--->21--->15--->9--->3

(10327,4,5007,5018,5029,5040,5051,5056,5055)
3--->9--->15--->21--->27--->33--->32--->31

(10328,1,5029,5018,5007,5001)
21--->15--->9--->3--->2

(10329,2,5018,5029,5040,5046,5047,5048)
9--->15--->21--->27--->28--->29--->30

(10330,8,5017,5028,5039,5045,5046,5047,5048)
8--->14--->20--->26--->27--->28--->29--->30

(10331,2,5016,5027,5038,5049,5055,5056)
7--->13--->19--->25--->31--->32--->33

(10332,4,5021,5032,5043)
12--->18--->24--->30

(10333,1,5018,5029,5040,5046,5047)
9--->15--->21--->27--->28--->29

(10334,2,5010,5021,5032)
6--->12--->18--->24

(10335,2,5053,5042,5031,5020,5015)
35--->29--->23--->17--->11--->12

(10336,13,5040,5029,5018,5007,5002,5003,5004)
27--->21--->15--->9--->3--->4--->5--->6

(10337,7,5052,5041,5030,5019,5008,5002,5001,5000)
34--->28--->22--->16--->10--->4--->3--->2--->1

(10338,4,5029,5018,5007,5001)
21--->15--->9--->3--->2

(10339,1,5016,5027,5038,5044,5045)
7--->13--->19--->25--->26--->27

(10340,3,5016,5027,5038)
7--->13--->19--->25

(10341,2,5008,5019,5030,5041,5046,5045)
4--->10--->16--->22--->28--->27--->26

(10342,1,5020,5031,5042,5053,5059)
11--->17--->23--->29--->35--->36

(10343,5,5050,5039,5028,5017,5006,5001,5002)
32--->26--->20--->14--->8--->2--->3--->4

(10344,1,5038,5027,5016,5005)
25--->19--->13--->7--->1

(10345,1,5029,5040,5051)
15--->21--->27--->33

(10346,1,5053,5042,5031,5020,5009,5003,5002,5001,5000)
35--->29--->23--->17--->11--->5--->4--->3--->2--->1

(10347,2,5005,5016,5027,5038,5049)
1--->7--->13--->19--->25--->31

(10348,2,5030,5041,5052,5058,5059)
16--->22--->28--->34--->35--->36

(10349,8,5052,5041,5030,5019)
34--->28--->22--->16--->10

(10350,3,5016,5027,5038,5049,5055)
7--->13--->19--->25--->31--->32

(10351,3,5008,5019,5030,5041,5047)
4--->10--->16--->22--->28--->29

(10352,2,5038,5027,5016)
25--->19--->13--->7

(10353,1,5008,5019,5030,5041)
4--->10--->16--->22--->28

(10354,7,5049,5038,5027,5016,5011,5012,5007,5002,5003,5004)
31--->25--->19--->13--->7--->8--->9--->3--->4--->5--->6

(10355,1,5019,5030,5041,5052,5058)
10--->16--->22--->28--->34--->35

(10356,4,5028,5017,5006)
20--->14--->8--->2

(10357,1,5007,5018,5029,5040,5051)
3--->9--->15--->21--->27--->33

(10358,2,5029,5018,5007,5001)
21--->15--->9--->3--->2

(10359,7,5005,5016,5027,5038,5049,5055,5056)
1--->7--->13--->19--->25--->31--->32--->33

(10360,1,5028,5039,5050,5056,5057,5058)
14--->20--->26--->32--->33--->34--->35

(10361,3,5042,5031,5020,5014,5013,5012,5011)
29--->23--->17--->11--->10--->9--->8--->7

(10362,2,5032,5043,5054)
18--->24--->30--->36

(10363,4,5052,5041,5030,5019,5008,5002,5001)
34--->28--->22--->16--->10--->4--->3--->2

(10364,3,5028,5017,5006,5000)
20--->14--->8--->2--->1

(10365,4,5028,5017,5006)
20--->14--->8--->2

(10366,2,5041,5030,5019,5008,5002)
28--->22--->16--->10--->4--->3

(10367,5,5005,5016,5027,5038,5049,5055,5056,5057,5058)
1--->7--->13--->19--->25--->31--->32--->33--->34--->35

(10368,2,5029,5040,5051,5057,5058)
15--->21--->27--->33--->34--->35

(10369,9,5050,5039,5028,5017,5012,5007,5002,5003,5004)
32--->26--->20--->14--->8--->9--->3--->4--->5--->6

(10370,3,5030,5019,5008)
22--->16--->10--->4

(10371,2,5007,5018,5029,5040,5046)
3--->9--->15--->21--->27--->28

(10372,3,5030,5019,5008,5002,5001)
22--->16--->10--->4--->3--->2

(10373,3,5041,5030,5019)
28--->22--->16--->10

(10374,4,5009,5020,5031,5042,5053)
5--->11--->17--->23--->29--->35

(10375,2,5041,5030,5019,5008,5003,5004)
28--->22--->16--->10--->4--->5--->6

(10376,4,5040,5029,5018,5007,5002)
27--->21--->15--->9--->3--->4

(10377,4,5032,5021,5010,5004,5003,5002,5001,5000)
24--->18--->12--->6--->5--->4--->3--->2--->1

(10378,1,5009,5020,5031,5042,5048)
5--->11--->17--->23--->29--->30

(10379,5,5050,5039,5028,5017,5006,5001)
32--->26--->20--->14--->8--->2--->3

(10380,4,5032,5043,5054)
18--->24--->30--->36

(10381,1,5018,5029,5040,5051,5056)
9--->15--->21--->27--->33--->32

(10382,3,5030,5041,5052,5058,5059)
16--->22--->28--->34--->35--->36

(10383,1,5028,5039,5050,5056)
14--->20--->26--->32--->33

(10384,1,5032,5043,5054)
18--->24--->30--->36

(10385,1,5018,5029,5040)
9--->15--->21--->27

(10386,4,5030,5041,5052,5058)
16--->22--->28--->34--->35

(10387,3,5029,5040,5051)
15--->21--->27--->33

(10388,7,5049,5038,5027,5016,5011,5012,5007,5002,5003,5004)
31--->25--->19--->13--->7--->8--->9--->3--->4--->5--->6

(10389,2,5053,5042,5031,5025,5024,5023)
35--->29--->23--->17--->16--->15--->14

(10390,2,5041,5030,5019)
28--->22--->16--->10

(10391,1,5009,5020,5031,5042,5047,5046)
5--->11--->17--->23--->29--->28--->27

(10392,2,5008,5019,5030,5041,5052,5058,5059)
4--->10--->16--->22--->28--->34--->35--->36

(10393,2,5019,5030,5041,5052,5058)
10--->16--->22--->28--->34--->35

(10394,3,5017,5028,5039,5050,5056,5057,5058)
8--->14--->20--->26--->32--->33--->34--->35

(10395,2,5005,5016,5027,5038,5049,5055,5056,5057)
1--->7--->13--->19--->25--->31--->32--->33--->34

(10396,5,5042,5031,5020,5009,5003,5002,5001,5000)
29--->23--->17--->11--->5--->4--->3--->2--->1

(10397,8,5005,5016,5027,5038,5044,5045,5046,5047)
1--->7--->13--->19--->25--->26--->27--->28--->29

(10398,19,5027,5016,5005)
19--->13--->7--->1

(10399,1,5028,5017,5006,5000)
20--->14--->8--->2--->1

(10400,1,5054,5043,5032,5021,5015,5014)
36--->30--->24--->18--->12--->11--->10

(10401,7,5027,5038,5049,5055,5056)
13--->19--->25--->31--->32--->33

(10402,3,5053,5042,5031,5020,5009,5003,5002,5001)
35--->29--->23--->17--->11--->5--->4--->3--->2

(10403,4,5053,5042,5031)
35--->29--->23--->17

(10404,3,5042,5031,5020,5009,5003,5002,5001,5000)
29--->23--->17--->11--->5--->4--->3--->2--->1

(10405,1,5006,5017,5028,5039,5045,5046)
2--->8--->14--->20--->26--->27--->28

(10406,3,5029,5018,5007)
21--->15--->9--->3

(10407,4,5019,5030,5041,5047,5048)
10--->16--->22--->28--->29--->30

(10408,4,5019,5030,5041,5052,5057,5056,5055)
10--->16--->22--->28--->34--->33--->32--->31

(10409,2,5041,5030,5019,5013,5012,5011)
28--->22--->16--->10--->9--->8--->7

(10410,4,5029,5018,5007,5001,5000)
21--->15--->9--->3--->2--->1

(10411,2,5027,5038,5049,5055,5056,5057,5058)
13--->19--->25--->31--->32--->33--->34--->35

(10412,1,5039,5028,5017,5006)
26--->20--->14--->8--->2

(10413,2,5039,5028,5017,5006,5001,5002)
26--->20--->14--->8--->2--->3--->4

(10414,3,5041,5030,5019,5008)
28--->22--->16--->10--->4

(10415,3,5049,5038,5027,5016,5005,5000,5001,5002)
31--->25--->19--->13--->7--->1--->2--->3--->4

(10416,5,5052,5041,5030,5019)
34--->28--->22--->16--->10

(10417,2,5019,5030,5041,5047,5048)
10--->16--->22--->28--->29--->30

(10418,4,5017,5028,5039,5050,5056,5057)
8--->14--->20--->26--->32--->33--->34

(10419,4,5027,5016,5005)
19--->13--->7--->1

(10420,1,5006,5017,5028,5039,5044)
2--->8--->14--->20--->26--->25

(10421,3,5010,5021,5032,5043,5054,5059,5058,5057)
6--->12--->18--->24--->30--->36--->35--->34--->33

(10422,8,5049,5038,5027,5016,5011,5012,5007,5002,5003,5004)
31--->25--->19--->13--->7--->8--->9--->3--->4--->5--->6

(10423,1,5030,5041,5052,5058)
16--->22--->28--->34--->35

(10424,4,5031,5020,5009,5003,5002)
23--->17--->11--->5--->4--->3

(10425,1,5007,5018,5029,5040,5046,5047,5048)
3--->9--->15--->21--->27--->28--->29--->30

(10426,2,5020,5031,5042,5053,5058)
11--->17--->23--->29--->35--->34

(10427,9,5017,5028,5039,5050)
8--->14--->20--->26--->32

(10428,8,5005,5016,5027,5038,5044,5045,5046)
1--->7--->13--->19--->25--->26--->27--->28

(10429,3,5008,5019,5030,5041,5047)
4--->10--->16--->22--->28--->29

(10430,5,5005,5016,5027,5038,5049,5055,5056)
1--->7--->13--->19--->25--->31--->32--->33

(10431,3,5053,5042,5031,5020,5009)
35--->29--->23--->17--->11--->5

(10432,1,5008,5019,5030,5041,5046,5045,5044)
4--->10--->16--->22--->28--->27--->26--->25

(10433,5,5032,5043,5054)
18--->24--->30--->36

(10434,4,5030,5019,5008,5002,5001)
22--->16--->10--->4--->3--->2

(10435,5,5021,5032,5043,5054,5059,5058,5057,5056)
12--->18--->24--->30--->36--->35--->34--->33--->32

(10436,9,5050,5039,5028,5017,5012,5013)
32--->26--->20--->14--->8--->9--->10

(10437,2,5038,5027,5016,5005,5000,5001,5002)
25--->19--->13--->7--->1--->2--->3--->4

(10438,3,5005,5016,5027,5038,5049)
1--->7--->13--->19--->25--->31

(10439,1,5038,5027,5016,5005)
25--->19--->13--->7--->1

(10440,3,5028,5017,5006)
20--->14--->8--->2

(10441,4,5029,5018,5007,5001)
21--->15--->9--->3--->2

(10442,6,5050,5039,5028,5017,5006,5001,5002)
32--->26--->20--->14--->8--->2--->3--->4

(10443,20,5027,5016,5005)
19--->13--->7--->1

(10444,8,5052,5041,5030,5024,5023,5022)
34--->28--->22--->16--->15--->14--->13

(10445,1,5053,5042,5031,5025,5024,5023)
35--->29--->23--->17--->16--->15--->14

(10446,2,5051,5040,5029,5023)
33--->27--->21--->15--->14

(10447,11,5032,5043,5054)
18--->24--->30--->36

(10448,1,5030,5041,5052,5058,5059)
16--->22--->28--->34--->35--->36

(10449,5,5010,5021,5032,5043,5048)
6--->12--->18--->24--->30--->29

(10450,1,5030,5019,5008,5002)
22--->16--->10--->4--->3

(10451,2,5031,5020,5009,5003,5002,5001,5000)
23--->17--->11--->5--->4--->3--->2--->1

(10452,3,5021,5032,5043,5054,5059,5058,5057)
12--->18--->24--->30--->36--->35--->34--->33

(10453,5,5040,5029,5018,5012,5011)
27--->21--->15--->9--->8--->7

(10454,8,5049,5038,5027,5016,5011,5012,5007,5002,5003,5004)
31--->25--->19--->13--->7--->8--->9--->3--->4--->5--->6

(10455,4,5049,5038,5027,5016)
31--->25--->19--->13--->7

(10456,5,5016,5027,5038,5049)
7--->13--->19--->25--->31

(10457,1,5029,5018,5007,5001)
21--->15--->9--->3--->2

(10458,5,5020,5031,5042,5053,5058,5057,5056)
11--->17--->23--->29--->35--->34--->33--->32

(10459,3,5043,5032,5021)
30--->24--->18--->12

(10460,3,5008,5019,5030,5041)
4--->10--->16--->22--->28

(10461,3,5016,5027,5038,5044)
7--->13--->19--->25--->26

(10462,1,5051,5040,5029,5018,5007,5002,5003,5004)
33--->27--->21--->15--->9--->3--->4--->5--->6

(10463,5,5032,5043,5054)
18--->24--->30--->36

(10464,1,5054,5043,5032,5021,5015,5014,5013,5012,5011)
36--->30--->24--->18--->12--->11--->10--->9--->8--->7

(10465,5,5019,5030,5041,5052,5058,5059)
10--->16--->22--->28--->34--->35--->36

(10466,5,5019,5030,5041,5052,5058)
10--->16--->22--->28--->34--->35

(10467,1,5053,5042,5031,5025,5024)
35--->29--->23--->17--->16--->15

(10468,4,5027,5038,5049,5055,5056,5057,5058,5059)
13--->19--->25--->31--->32--->33--->34--->35--->36

(10469,1,5028,5039,5050,5056,5057,5058)
14--->20--->26--->32--->33--->34--->35

(10470,5,5052,5041,5030,5019,5014)
34--->28--->22--->16--->10--->11

(10471,3,5041,5030,5019)
28--->22--->16--->10

(10472,2,5051,5040,5029,5018,5013,5014)
33--->27--->21--->15--->9--->10--->11

(10473,22,5027,5016,5005)
19--->13--->7--->1

(10474,4,5030,5019,5008,5002)
22--->16--->10--->4--->3

(10475,6,5009,5020,5031,5042,5053,5058,5057)
5--->11--->17--->23--->29--->35--->34--->33

(10476,4,5041,5030,5019,5013,5012)
28--->22--->16--->10--->9--->8

(10477,4,5054,5043,5032,5021,5015,5014,5013,5012)
36--->30--->24--->18--->12--->11--->10--->9--->8

(10478,1,5032,5021,5010,5004,5003,5002,5001)
24--->18--->12--->6--->5--->4--->3--->2

(10479,4,5030,5019,5008,5002,5001)
22--->16--->10--->4--->3--->2

(10480,5,5032,5021,5010,5004,5003,5002,5001,5000)
24--->18--->12--->6--->5--->4--->3--->2--->1

(10481,3,5051,5040,5029,5018,5012,5011)
33--->27--->21--->15--->9--->8--->7

(10482,6,5050,5039,5028,5017,5012)
32--->26--->20--->14--->8--->9

(10483,3,5053,5042,5031,5020,5009,5003,5002,5001,5000)
35--->29--->23--->17--->11--->5--->4--->3--->2--->1

(10484,2,5038,5027,5016,5005,5000)
25--->19--->13--->7--->1--->2

(10485,4,5041,5030,5019)
28--->22--->16--->10

(10486,2,5031,5020,5009,5003,5002)
23--->17--->11--->5--->4--->3

(10487,2,5019,5030,5041,5047)
10--->16--->22--->28--->29

(10488,10,5017,5028,5039,5045,5046,5047)
8--->14--->20--->26--->27--->28--->29

(10489,3,5031,5042,5053)
17--->23--->29--->35

(10490,8,5042,5031,5020)
29--->23--->17--->11

(10491,7,5050,5039,5028,5017,5006,5001,5002,5003)
32--->26--->20--->14--->8--->2--->3--->4--->5

(10492,3,5010,5021,5032,5043,5048)
6--->12--->18--->24--->30--->29

(10493,2,5039,5028,5017,5012,5007,5002,5003,5004)
26--->20--->14--->8--->9--->3--->4--->5--->6

(10494,5,5027,5016,5005)
19--->13--->7--->1

(10495,22,5027,5016,5005)
19--->13--->7--->1

(10496,4,5049,5038,5027)
31--->25--->19--->13

(10497,2,5031,5020,5009,5003)
23--->17--->11--->5--->4

(10498,7,5050,5039,5028,5017,5006)
32--->26--->20--->14--->8--->2

(10499,3,5041,5030,5019,5008,5002,5001)
28--->22--->16--->10--->4--->3--->2

(10500,3,5005,5016,5027,5038,5049,5055,5056,5057)
1--->7--->13--->19--->25--->31--->32--->33--->34

(10501,4,5054,5043,5032)
36--->30--->24--->18

(10502,1,5028,5039,5050,5056)
14--->20--->26--->32--->33

(10503,3,5021,5032,5043,5054,5059)
12--->18--->24--->30--->36--->35

(10504,1,5032,5043,5054)
18--->24--->30--->36

(10505,6,5032,5043,5054)
18--->24--->30--->36

(10506,2,5019,5030,5041,5047,5048)
10--->16--->22--->28--->29--->30

(10507,3,5010,5021,5032,5037,5036,5041,5046,5045,5044)
6--->12--->18--->24--->23--->22--->28--->27--->26--->25

(10508,1,5038,5027,5016,5011,5006,5001,5002,5003)
25--->19--->13--->7--->8--->2--->3--->4--->5

(10509,2,5051,5040,5029,5018,5012)
33--->27--->21--->15--->9--->8

(10510,3,5018,5029,5040)
9--->15--->21--->27

(10511,1,5030,5041,5052)
16--->22--->28--->34

