1<-------5000-------2
0  0  0  0  0  0  0  0  0  0  0  0  0  0  0  
0  0  0  0  0  0  0  0  0  0  0  0  0  0  0  
1<-------5000-------2


1<-------5007-------9
0  0  0  0  0  0  0  0  0  0  0  0  0  0  0  0  0  0  0  0  
0  0  0  0  0  0  0  0  0  0  0  0  0  0  0  0  0  0  0  0  
0  0  0  0  0  0  0  0  0  0  0  0  0  0  0  0  0  0  0  0  
0  0  0  0  0  0  0  0  0  0  0  0  0  0  0  0  0  0  0  0  
1<-------5007-------9



2<-------5000-------1
0  0  0  0  0  0  0  0  0  0  0  0  0  0  0  
0  0  0  0  0  0  0  0  0  0  0  0  0  0  0  
2<-------5000-------1


2<-------5001-------3
0  0  0  0  0  0  0  0  0  0  0  0  0  0  0  0  15813  0  
0  0  0  0  0  0  0  0  0  0  0  0  0  0  10904  13209  14682  15185  
2<-------5001-------3


2<-------5008-------10
0  0  0  0  0  0  0  0  0  0  0  0  
0  0  0  0  0  0  0  0  0  0  0  0  
0  0  0  0  0  0  0  0  0  0  0  0  
0  0  0  0  0  0  0  0  0  0  0  0  
2<-------5008-------10



3<-------5001-------2
0  0  0  0  0  0  0  0  0  0  0  0  0  0  0  0  0  0  
0  0  0  0  0  0  0  0  0  0  0  0  0  0  0  0  0  0  
3<-------5001-------2


3<-------5002-------4
0  0  0  0  0  0  0  0  0  0  0  0  0  0  11807  14594  15206  16021  16494  19026  
3<-------5002-------4


3<-------5009-------11
0  0  0  0  0  0  0  0  0  0  0  0  0  0  0  0  0  0  0  0  
0  0  0  0  0  0  0  0  0  0  0  0  0  0  0  0  0  0  0  0  
0  0  0  0  0  0  0  0  0  0  0  0  0  0  0  0  0  0  0  0  
0  0  0  0  0  0  0  0  0  0  0  0  0  0  0  0  0  0  0  0  
3<-------5009-------11



4<-------5002-------3
0  0  0  0  0  0  0  0  0  0  0  0  0  0  0  0  0  0  0  0  
4<-------5002-------3


4<-------5003-------5
0  0  0  0  0  0  0  0  0  0  0  0  0  0  0  0  0  0  
0  0  0  0  0  0  0  0  0  0  0  0  12624  13119  14206  0  0  0  
4<-------5003-------5


4<-------5010-------12
0  0  0  0  0  0  0  0  0  0  
0  0  0  0  0  0  0  0  0  0  
0  0  0  0  0  0  0  0  0  0  
0  0  0  0  0  0  15366  16571  0  0  
0  0  0  0  0  0  10861  12791  14079  15106  
4<-------5010-------12



5<-------5003-------4
0  0  0  0  0  0  0  0  0  0  0  0  0  0  0  0  0  0  
0  0  0  0  0  0  0  0  0  0  0  0  0  0  0  0  0  0  
5<-------5003-------4


5<-------5004-------6
0  0  0  0  0  0  0  0  0  0  0  0  0  0  10018  10577  11701  13499  
5<-------5004-------6


5<-------5011-------13
0  0  0  0  0  0  0  0  0  0  0  0  0  0  0  0  0  0  0  0  
0  0  0  0  0  0  0  0  0  0  0  0  0  0  0  0  0  0  0  0  
0  0  0  0  0  0  0  0  0  0  0  0  0  0  0  0  19715  0  0  0  
0  0  0  0  0  0  0  0  0  0  0  0  0  0  0  0  14404  16510  17696  18672  
5<-------5011-------13



6<-------5004-------5
0  0  0  0  0  0  0  0  0  0  0  0  0  0  0  0  0  0  
6<-------5004-------5


6<-------5005-------7
0  0  0  0  0  0  0  0  0  0  0  0  0  0  0  0  0  0  
0  0  0  0  0  0  0  0  0  0  0  0  0  0  0  0  0  0  
0  0  0  0  0  0  0  0  0  0  0  0  0  0  15552  0  18104  0  
6<-------5005-------7


6<-------5012-------14
0  0  0  0  0  0  0  0  0  0  0  0  0  0  11841  13268  13820  14153  15324  15444  
6<-------5012-------14



7<-------5005-------6
0  0  0  0  0  0  0  0  0  0  0  0  0  0  0  0  0  0  
0  0  0  0  0  0  0  0  0  0  0  0  0  0  0  0  0  0  
0  0  0  0  0  0  0  0  0  0  0  0  0  0  0  0  0  0  
7<-------5005-------6


7<-------5006-------8
0  0  0  0  0  0  16433  0  16659  17884  17885  18118  
0  0  0  0  0  0  0  0  14411  14731  14909  16141  
7<-------5006-------8


7<-------5013-------15
0  0  0  0  0  0  0  0  0  0  0  0  0  0  0  
0  0  0  0  0  0  0  0  0  0  0  0  0  0  0  
0  0  0  0  0  0  0  0  0  0  0  0  0  0  0  
0  0  0  0  0  0  0  0  0  0  0  17565  18347  0  0  
0  0  0  0  0  0  0  10950  0  0  0  0  0  12219  16065  
7<-------5013-------15



8<-------5006-------7
0  0  0  0  0  0  0  0  0  0  0  0  
0  0  0  0  0  0  0  0  0  0  0  0  
8<-------5006-------7


8<-------5014-------16
0  0  0  0  0  0  0  0  0  0  0  0  0  0  0  
0  0  0  0  0  0  0  0  0  0  0  0  0  0  0  
0  0  0  0  0  0  0  0  0  14392  16016  16981  17391  19301  19815  
0  0  0  0  0  0  0  0  0  10942  0  12256  0  13615  14040  
8<-------5014-------16



9<-------5007-------1
0  0  0  0  0  0  0  0  0  0  0  0  0  0  0  0  0  0  19699  0  
0  0  0  0  0  0  0  0  0  0  0  0  0  0  15987  0  0  0  16827  18201  
0  0  0  0  0  0  0  0  0  0  0  0  0  0  11549  0  13415  14018  14508  15726  
0  0  0  0  0  0  0  0  0  0  0  0  0  0  0  0  10031  10188  10676  11419  
9<-------5007-------1


9<-------5015-------10
0  0  0  0  0  0  0  0  0  0  0  0  0  0  0  
0  0  0  0  0  0  0  0  0  0  0  0  0  0  0  
9<-------5015-------10


9<-------5022-------17
0  0  0  0  0  0  0  0  0  0  0  0  0  0  0  0  0  0  0  0  
9<-------5022-------17



10<-------5008-------2
0  0  0  0  0  0  0  0  18751  19142  0  0  
0  0  0  0  0  0  0  0  16647  17036  17055  18247  
0  0  0  0  0  0  13602  0  13778  14525  14882  15708  
0  0  0  0  0  0  10576  0  0  0  12678  13561  
10<-------5008-------2


10<-------5015-------9
0  0  0  0  0  0  0  0  0  0  0  0  0  0  0  
0  0  0  0  0  0  0  0  0  0  0  0  0  0  0  
10<-------5015-------9


10<-------5016-------11
0  0  0  0  0  0  0  0  0  0  0  0  0  0  0  0  0  0  0  0  
0  0  0  0  0  0  0  0  0  0  0  0  0  0  0  0  0  0  0  0  
0  0  0  0  0  0  0  0  0  0  0  0  0  0  0  0  0  0  0  0  
10<-------5016-------11


10<-------5023-------18
0  0  0  0  0  0  0  0  0  0  0  0  0  0  0  0  0  0  
10<-------5023-------18



11<-------5009-------3
0  0  0  0  0  0  0  0  0  0  0  0  0  0  0  0  12510  13270  14205  14931  
0  0  0  0  0  0  0  0  0  0  0  0  0  0  0  0  11138  11365  11696  12436  
0  0  0  0  0  0  0  0  0  0  0  0  0  0  0  0  0  0  10760  11034  
0  0  0  0  0  0  0  0  0  0  0  0  0  0  0  0  10199  0  10239  10554  
11<-------5009-------3


11<-------5016-------10
0  0  0  0  0  0  0  0  0  0  0  0  0  0  0  0  0  0  0  0  
0  0  0  0  0  0  0  0  0  0  0  0  0  0  0  0  0  0  0  0  
0  0  0  0  0  0  0  0  0  0  0  0  0  0  0  0  0  0  0  0  
11<-------5016-------10


11<-------5017-------12
0  0  0  0  0  0  0  0  0  0  
0  0  0  0  0  0  0  0  0  0  
0  0  0  0  0  0  0  0  0  0  
0  0  0  0  0  0  0  0  0  0  
0  0  0  0  0  0  0  0  0  0  
11<-------5017-------12


11<-------5024-------19
0  0  0  0  0  0  0  0  0  0  0  0  0  0  0  
0  0  0  0  0  0  0  0  0  0  0  0  0  0  0  
11<-------5024-------19



12<-------5010-------4
0  0  0  0  0  0  0  0  0  0  
0  0  0  0  0  0  0  0  0  0  
0  0  0  0  0  0  18648  19339  20101  0  
0  0  0  0  0  0  10814  13743  14975  18421  
0  0  0  0  0  0  0  0  10438  10503  
12<-------5010-------4


12<-------5018-------13
0  0  0  0  0  0  0  0  0  0  
0  0  0  0  0  0  0  0  0  0  
12<-------5018-------13


12<-------5025-------20
0  0  0  0  0  0  0  0  0  0  
0  0  0  0  0  0  0  0  0  0  
0  0  0  0  0  0  0  0  0  0  
0  0  0  0  0  0  0  0  0  0  
0  0  0  0  0  0  0  0  0  0  
12<-------5025-------20



13<-------5011-------5
0  0  0  0  0  0  0  0  0  0  0  0  0  0  18696  0  18776  19068  0  0  
0  0  0  0  0  0  0  0  0  0  0  0  0  0  16961  0  0  0  18139  18463  
0  0  0  0  0  0  0  0  0  0  0  0  0  0  14089  15216  15308  0  15864  16427  
0  0  0  0  0  0  0  0  0  0  0  0  0  0  10951  12069  0  0  12973  13480  
13<-------5011-------5


13<-------5018-------12
0  0  0  0  0  0  0  0  0  0  
0  0  0  0  0  0  0  0  0  0  
13<-------5018-------12


13<-------5019-------14
0  0  0  0  0  0  0  0  0  0  
0  0  0  0  0  0  0  0  0  0  
0  0  0  0  0  0  0  0  0  0  
0  0  0  0  0  0  0  0  0  0  
0  0  0  0  0  0  0  0  0  0  
13<-------5019-------14


13<-------5026-------21
0  0  0  0  0  0  0  0  0  0  0  0  0  0  0  0  0  0  
13<-------5026-------21



14<-------5012-------6
0  0  0  0  0  0  0  0  0  0  0  0  0  0  10976  11086  0  0  11716  13417  
14<-------5012-------6


14<-------5019-------13
0  0  0  0  0  0  0  0  0  0  
0  0  0  0  0  0  0  0  0  0  
0  0  0  0  0  0  17537  0  17847  0  
0  0  0  0  0  0  0  0  16584  17327  
0  0  0  0  0  0  10309  13725  15237  16328  
14<-------5019-------13


14<-------5020-------15
0  0  0  0  0  0  0  0  0  0  0  0  
0  0  0  0  0  0  0  0  0  0  0  0  
14<-------5020-------15


14<-------5027-------22
0  0  0  0  0  0  0  0  0  0  0  0  0  0  0  
0  0  0  0  0  0  0  0  0  0  0  0  0  0  0  
0  0  0  0  0  0  0  0  0  0  0  0  0  0  0  
0  0  0  0  0  0  0  0  0  0  0  0  0  0  0  
14<-------5027-------22



15<-------5013-------7
0  0  0  0  0  0  0  0  0  0  0  0  0  0  0  
0  0  0  0  0  0  0  0  0  0  0  16307  17517  18454  18679  
0  0  0  0  0  0  0  0  0  0  0  15024  15259  15460  15896  
0  0  0  0  0  0  0  0  0  0  0  11714  11735  13689  14209  
0  0  0  0  0  0  0  10240  0  0  0  0  0  10441  10619  
15<-------5013-------7


15<-------5020-------14
0  0  0  0  0  0  0  0  0  0  0  0  
0  0  0  0  0  0  0  0  0  0  0  0  
15<-------5020-------14


15<-------5021-------16
0  0  0  0  0  0  0  0  0  0  
0  0  0  0  0  0  0  0  0  0  
15<-------5021-------16


15<-------5028-------23
0  0  0  0  0  0  0  0  0  0  0  0  0  0  0  0  17402  18745  19450  20170  
0  0  0  0  0  0  0  0  0  0  0  0  0  0  0  0  13264  14483  14598  15661  
0  0  0  0  0  0  0  0  0  0  0  0  0  0  0  0  10651  10989  11605  12729  
15<-------5028-------23



16<-------5014-------8
0  0  0  0  0  0  0  0  0  0  0  0  0  0  0  
0  0  0  0  0  0  0  0  0  0  0  19278  19371  19994  0  
0  0  0  0  0  0  0  14132  0  0  0  14466  0  16166  16420  
0  0  0  0  0  0  0  0  0  0  0  10057  0  10236  13103  
16<-------5014-------8


16<-------5021-------15
0  0  0  0  0  0  0  0  11508  12053  
0  0  0  0  11002  0  11256  0  11319  11505  
16<-------5021-------15


16<-------5029-------24
0  0  0  0  0  0  0  0  0  0  0  0  0  0  0  0  0  0  0  0  
0  0  0  0  0  0  0  0  0  0  0  0  0  0  0  0  0  0  0  0  
0  0  0  0  0  0  0  0  0  0  0  0  0  0  0  0  0  0  0  0  
16<-------5029-------24



17<-------5022-------9
0  0  0  0  0  0  0  0  0  0  0  0  0  0  10499  0  11478  11776  12116  12528  
17<-------5022-------9


17<-------5030-------18
0  0  0  0  0  0  0  0  0  0  
0  0  0  0  0  0  0  0  0  0  
17<-------5030-------18


17<-------5035-------25
0  0  0  0  0  0  0  0  0  0  0  0  0  0  0  0  0  0  
0  0  0  0  0  0  0  0  0  0  0  0  0  0  0  0  0  0  
0  0  0  0  0  0  0  0  0  0  0  0  0  0  0  0  0  0  
17<-------5035-------25



18<-------5023-------10
0  0  0  0  0  0  0  0  0  0  0  0  0  0  11149  11544  11580  12311  
18<-------5023-------10


18<-------5030-------17
0  0  0  0  0  0  0  0  0  0  
0  0  0  0  0  0  0  0  0  0  
18<-------5030-------17


18<-------5036-------26
0  0  0  0  0  0  0  0  0  0  0  0  
0  0  0  0  0  0  0  0  0  0  0  0  
18<-------5036-------26



19<-------5024-------11
0  0  0  0  0  0  0  0  0  0  0  12255  0  12446  13076  
0  0  0  0  0  0  0  0  0  10801  0  0  0  12124  12152  
19<-------5024-------11


19<-------5031-------20
0  0  0  0  0  0  0  0  0  0  0  0  0  0  0  0  0  0  
0  0  0  0  0  0  0  0  0  0  0  0  0  0  0  0  0  0  
19<-------5031-------20


19<-------5037-------27
0  0  0  0  0  0  0  0  0  0  0  0  0  0  0  0  0  0  0  0  
0  0  0  0  0  0  0  0  0  0  0  0  0  0  0  0  0  0  0  0  
19<-------5037-------27



20<-------5025-------12
0  0  0  0  0  0  0  0  0  0  
0  0  0  0  0  0  0  0  0  0  
0  0  0  0  0  0  17019  19223  0  0  
0  0  0  0  14953  0  0  0  15593  16196  
0  0  0  0  0  0  10382  12043  13524  14828  
20<-------5025-------12


20<-------5031-------19
0  0  0  0  0  0  0  0  0  0  0  0  0  0  0  0  0  0  
0  0  0  0  0  0  0  0  0  0  0  0  0  0  0  0  0  0  
20<-------5031-------19


20<-------5032-------21
0  0  0  0  0  0  0  0  0  0  0  0  0  0  0  0  0  0  0  0  
0  0  0  0  0  0  0  0  0  0  0  0  0  0  0  0  0  0  0  0  
0  0  0  0  0  0  0  0  0  0  0  0  0  0  17890  18340  19027  19066  19395  0  
0  0  0  0  0  0  0  0  0  0  0  0  0  0  13813  13947  14892  0  16059  16505  
0  0  0  0  0  0  0  0  0  0  0  0  0  0  0  0  10973  11112  11141  11387  
20<-------5032-------21


20<-------5038-------28
0  0  0  0  0  0  0  0  0  0  0  0  0  0  0  0  0  0  0  0  
0  0  0  0  0  0  0  0  0  0  0  0  0  0  0  0  0  0  0  0  
0  0  0  0  0  0  0  0  0  0  0  0  0  0  0  0  0  0  0  0  
20<-------5038-------28



21<-------5032-------20
0  0  0  0  0  0  0  0  0  0  0  0  0  0  0  0  0  0  0  0  
0  0  0  0  0  0  0  0  0  0  0  0  0  0  0  0  0  0  0  0  
0  0  0  0  0  0  0  0  0  0  0  0  0  0  0  0  0  0  0  0  
0  0  0  0  0  0  0  0  0  0  0  0  0  0  0  0  0  0  0  0  
0  0  0  0  0  0  0  0  0  0  0  0  0  0  0  0  0  0  0  0  
21<-------5032-------20


21<-------5033-------22
0  0  0  0  0  0  0  0  0  0  0  0  0  0  0  0  0  0  
0  0  0  0  0  0  0  0  0  0  0  0  0  0  0  0  0  0  
0  0  0  0  0  0  0  0  0  0  0  0  0  0  0  0  0  0  
0  0  0  0  0  0  0  0  0  0  0  0  0  0  0  0  0  0  
21<-------5033-------22



22<-------5027-------14
0  0  0  0  0  0  0  0  0  0  0  0  0  0  0  
0  0  0  0  0  0  0  0  0  0  0  0  0  0  0  
0  0  0  0  0  0  0  0  0  18763  0  19018  19183  20074  0  
0  0  0  0  0  0  0  0  0  12024  13836  0  0  14295  16163  
22<-------5027-------14


22<-------5033-------21
0  0  0  0  0  0  0  0  0  0  0  0  0  0  0  0  0  0  
0  0  0  0  0  0  0  0  0  0  0  0  0  0  16538  17498  19241  0  
0  0  0  0  0  0  0  0  0  0  0  0  0  0  12580  15082  15686  15890  
0  0  0  0  0  0  0  0  0  0  0  0  0  0  0  0  10743  11616  
22<-------5033-------21


22<-------5039-------30
0  0  0  0  0  0  0  0  0  0  0  0  0  0  0  0  0  0  
0  0  0  0  0  0  0  0  0  0  0  0  0  0  0  0  0  0  
0  0  0  0  0  0  0  0  0  0  0  0  0  0  0  0  0  0  
22<-------5039-------30



23<-------5028-------15
0  0  0  0  0  0  0  0  0  0  0  0  0  0  0  0  0  0  0  0  
0  0  0  0  0  0  0  0  0  0  0  0  0  0  0  0  0  0  0  0  
0  0  0  0  0  0  0  0  0  0  0  0  0  0  0  0  0  0  0  0  
23<-------5028-------15


23<-------5034-------24
0  0  0  0  0  0  0  0  0  0  0  0  0  0  0  0  0  0  
0  0  0  0  0  0  0  0  0  0  0  0  0  0  0  0  0  0  
23<-------5034-------24



24<-------5029-------16
0  0  0  0  0  0  0  0  0  0  0  0  0  0  0  0  0  0  17978  18335  
0  0  0  0  0  0  0  0  0  0  0  0  0  0  0  0  12907  12946  14163  16402  
0  0  0  0  0  0  0  0  0  0  0  0  0  0  0  0  10220  10810  11057  12029  
24<-------5029-------16


24<-------5034-------23
0  0  0  0  0  0  0  0  0  0  0  0  16197  16462  18372  18911  19621  0  
0  0  0  0  0  0  0  0  0  0  0  0  0  0  0  0  12963  13553  
24<-------5034-------23


24<-------5040-------32
0  0  0  0  0  0  0  0  0  0  0  0  0  0  0  
0  0  0  0  0  0  0  0  0  0  0  0  0  0  0  
0  0  0  0  0  0  0  0  0  0  0  0  0  0  0  
0  0  0  0  0  0  0  0  0  0  0  0  0  0  0  
24<-------5040-------32



25<-------5035-------17
0  0  0  0  0  0  0  0  0  0  0  0  0  0  0  0  14644  14670  
0  0  0  0  0  0  0  0  0  0  0  0  0  0  0  0  13982  14000  
0  0  0  0  0  0  0  0  0  0  0  0  12271  0  0  0  12316  12919  
25<-------5035-------17


25<-------5041-------26
0  0  0  0  0  0  0  0  0  0  0  0  
25<-------5041-------26


25<-------5048-------33
0  0  0  0  0  0  0  0  0  0  0  0  0  0  0  0  0  0  
0  0  0  0  0  0  0  0  0  0  0  0  0  0  0  0  0  0  
0  0  0  0  0  0  0  0  0  0  0  0  0  0  19545  0  0  0  
0  0  0  0  0  0  0  0  0  0  0  0  0  0  17649  17912  18331  18599  
0  0  0  0  0  0  0  0  0  0  0  0  0  0  10376  11528  14591  16694  
25<-------5048-------33



26<-------5041-------25
0  0  0  0  0  0  0  0  0  0  0  0  
26<-------5041-------25


26<-------5042-------27
0  0  0  0  0  0  0  0  0  0  0  0  
0  0  0  0  0  0  0  0  0  0  0  0  
0  0  0  0  0  0  0  0  0  0  0  0  
0  0  0  0  0  0  0  0  0  0  0  0  
0  0  0  0  0  0  0  0  0  0  0  0  
26<-------5042-------27


26<-------5049-------34
0  0  0  0  0  0  0  0  0  19366  0  19736  19853  0  0  
0  0  0  0  0  0  0  0  0  15179  15523  15673  16248  17156  18762  
0  0  0  0  0  0  0  0  0  0  0  0  0  14063  15044  
0  0  0  0  0  0  0  0  0  12631  12775  13903  13973  13989  14024  
0  0  0  0  0  0  0  0  0  11444  0  0  0  12058  12296  
26<-------5049-------34



27<-------5037-------19
0  0  0  0  0  0  0  0  0  0  0  0  0  0  0  0  13169  0  14648  14901  
0  0  0  0  0  0  0  0  0  0  0  0  0  0  0  0  10789  11055  11314  11511  
27<-------5037-------19


27<-------5042-------26
0  0  0  0  0  0  0  0  0  0  0  0  
0  0  0  0  0  0  0  0  0  0  0  0  
0  0  0  0  0  0  0  0  0  0  0  0  
0  0  0  0  0  0  0  0  0  0  0  0  
0  0  0  0  0  0  0  0  0  0  0  0  
27<-------5042-------26


27<-------5043-------28
0  0  0  0  0  0  0  0  0  0  
0  0  0  0  0  0  0  0  0  0  
0  0  0  0  0  0  0  0  0  0  
27<-------5043-------28


27<-------5050-------35
0  0  0  0  0  0  0  0  0  10604  0  11251  12366  14898  15537  
27<-------5050-------35



28<-------5038-------20
0  0  0  0  0  0  0  0  0  0  0  0  0  0  0  0  12690  12833  13868  14282  
0  0  0  0  0  0  0  0  0  0  0  0  0  0  0  0  10893  11152  11594  11865  
0  0  0  0  0  0  0  0  0  0  0  0  0  0  0  0  0  0  10614  10807  
28<-------5038-------20


28<-------5044-------29
0  0  0  0  0  0  0  0  0  0  0  0  0  0  0  0  0  0  0  0  
0  0  0  0  0  0  0  0  0  0  0  0  0  0  17061  17066  18170  19177  0  0  
0  0  0  0  0  0  0  0  0  0  0  0  0  0  14666  0  15487  16557  16634  16636  
0  0  0  0  0  0  0  0  0  0  0  0  0  0  11697  13382  0  0  13666  14367  
0  0  0  0  0  0  0  0  0  0  0  0  0  0  0  0  0  0  10068  10129  
28<-------5044-------29


28<-------5051-------36
0  0  0  0  0  0  0  0  0  0  15617  17046  0  0  0  0  17766  18307  
0  0  0  0  0  0  0  0  0  0  13627  0  14717  14889  15196  0  15341  15369  
0  0  0  0  0  0  0  0  0  0  10723  0  0  0  11213  11783  12486  13619  
28<-------5051-------36



29<-------5044-------28
0  0  0  0  0  0  0  0  0  0  0  0  0  0  0  0  0  0  0  0  
0  0  0  0  0  0  0  0  0  0  0  0  0  0  0  0  0  0  0  0  
0  0  0  0  0  0  0  0  0  0  0  0  0  0  0  0  0  0  0  0  
0  0  0  0  0  0  0  0  0  0  0  0  0  0  0  0  0  0  0  0  
0  0  0  0  0  0  0  0  0  0  0  0  0  0  0  0  0  0  0  0  
29<-------5044-------28


29<-------5045-------30
0  0  0  0  0  0  0  0  0  0  
0  0  0  0  0  0  0  0  0  0  
0  0  0  0  0  0  0  0  0  0  
0  0  0  0  15845  15885  16695  17142  0  0  
0  0  0  0  0  0  11101  11724  12015  12715  
29<-------5045-------30


29<-------5052-------37
0  0  0  0  0  0  0  0  0  0  0  0  0  0  10538  10984  11290  11309  
29<-------5052-------37



30<-------5039-------22
0  0  0  0  0  0  0  0  0  0  15046  0  0  0  0  0  16754  16803  
0  0  0  0  0  0  0  0  0  0  12553  0  13161  0  13277  13292  13610  14835  
0  0  0  0  0  0  0  0  0  0  10088  0  10778  0  0  0  11918  12047  
30<-------5039-------22


30<-------5045-------29
0  0  0  0  0  0  0  0  0  0  
0  0  0  0  0  0  0  0  0  0  
0  0  0  0  0  0  0  0  0  0  
0  0  0  0  0  0  0  0  0  0  
0  0  0  0  0  0  0  0  0  0  
30<-------5045-------29


30<-------5046-------31
0  0  0  0  0  0  0  0  0  0  10586  14722  
30<-------5046-------31


30<-------5053-------38
0  0  0  0  0  0  0  0  0  0  0  0  
0  0  0  0  0  0  0  0  0  0  0  0  
0  0  0  0  0  0  0  0  0  0  0  0  
30<-------5053-------38



31<-------5046-------30
0  0  0  0  0  0  0  0  0  0  0  0  
31<-------5046-------30


31<-------5047-------32
0  0  0  0  0  0  0  0  0  0  0  0  0  0  17888  18389  0  0  
0  0  0  0  0  0  0  0  0  0  0  0  16692  0  0  0  16858  17477  
0  0  0  0  0  0  0  0  0  0  0  0  0  0  0  0  14258  16302  
0  0  0  0  0  0  0  0  0  0  0  0  0  0  0  0  11506  13859  
0  0  0  0  0  0  0  0  0  0  0  0  0  0  0  0  10312  11043  
31<-------5047-------32


31<-------5054-------39
0  0  0  0  0  0  0  0  0  0  0  0  0  13167  14303  
0  0  0  0  0  0  0  0  0  0  0  0  0  12328  13077  
0  0  0  0  0  0  0  0  0  10345  10363  0  0  10705  11959  
31<-------5054-------39



32<-------5040-------24
0  0  0  0  0  0  0  0  0  17641  0  0  0  18299  18702  
0  0  0  0  0  0  0  0  0  14988  16255  16627  16949  17151  17495  
0  0  0  0  0  0  0  0  0  0  0  0  0  13736  14783  
0  0  0  0  0  0  0  0  0  0  0  10487  11233  11493  13204  
32<-------5040-------24


32<-------5047-------31
0  0  0  0  0  0  0  0  0  0  0  0  0  0  0  0  0  0  
0  0  0  0  0  0  0  0  0  0  0  0  0  0  0  0  0  0  
0  0  0  0  0  0  0  0  0  0  0  0  0  0  0  0  0  0  
0  0  0  0  0  0  0  0  0  0  0  0  0  0  0  0  0  0  
0  0  0  0  0  0  0  0  0  0  0  0  0  0  0  0  0  0  
32<-------5047-------31


32<-------5055-------40
0  0  0  0  0  0  0  0  10489  11529  12438  12918  
32<-------5055-------40



33<-------5048-------25
0  0  0  0  0  0  0  0  0  0  0  0  0  0  0  0  0  0  
0  0  0  0  0  0  0  0  0  0  0  0  0  0  0  0  0  0  
0  0  0  0  0  0  0  0  0  0  0  0  0  0  16355  18272  19284  19499  
0  0  0  0  0  0  0  0  0  0  0  0  0  0  0  0  13435  14155  
0  0  0  0  0  0  0  0  0  0  0  0  0  0  11338  13012  13300  13372  
33<-------5048-------25


33<-------5056-------34
0  0  0  0  0  0  0  0  0  0  0  0  
0  0  0  0  0  0  0  0  0  0  0  0  
33<-------5056-------34


33<-------5062-------41
0  0  0  0  0  0  0  0  0  0  14814  14991  
0  0  0  0  13863  0  0  0  0  0  14102  14129  
0  0  0  0  0  0  0  0  11591  11950  12743  13447  
0  0  0  0  0  0  10828  0  0  0  11357  11481  
33<-------5062-------41



34<-------5049-------26
0  0  0  0  0  0  0  0  0  0  0  18970  0  19796  0  
0  0  0  0  0  0  0  0  0  0  0  17164  18240  18693  18788  
0  0  0  0  0  0  0  0  0  15407  16004  16371  16601  16851  17007  
0  0  0  0  0  0  0  0  0  0  0  0  0  15258  15384  
0  0  0  0  0  0  0  0  0  10860  0  12902  14488  14611  14919  
34<-------5049-------26


34<-------5056-------33
0  0  0  0  0  0  0  0  0  0  0  0  
0  0  0  0  0  0  0  0  0  0  0  0  
34<-------5056-------33


34<-------5057-------35
0  0  0  0  0  0  0  0  0  0  0  0  0  0  0  0  0  0  
0  0  0  0  0  0  0  0  0  0  0  0  0  0  0  0  0  0  
0  0  0  0  0  0  0  0  0  0  0  0  0  0  0  0  0  0  
0  0  0  0  0  0  0  0  0  0  0  0  0  0  0  0  0  0  
34<-------5057-------35


34<-------5063-------42
0  0  0  0  0  0  0  0  10762  11234  
34<-------5063-------42



35<-------5050-------27
0  0  0  0  0  0  0  0  0  10509  11437  11492  11965  13327  14568  
35<-------5050-------27


35<-------5057-------34
0  0  0  0  0  0  0  0  0  0  0  0  0  0  0  0  0  0  
0  0  0  0  0  0  0  0  0  0  0  0  0  0  0  0  0  0  
0  0  0  0  0  0  0  0  0  0  0  0  0  0  0  0  0  0  
0  0  0  0  0  0  0  0  0  0  0  0  0  0  0  0  0  0  
35<-------5057-------34


35<-------5064-------43
0  0  0  0  0  0  0  0  0  0  0  0  0  0  18378  0  18747  19670  19997  20084  
0  0  0  0  0  0  0  0  0  0  0  0  0  0  0  0  0  0  17826  18062  
0  0  0  0  0  0  0  0  0  0  0  0  0  0  13495  0  13546  14888  16752  17452  
0  0  0  0  0  0  0  0  0  0  0  0  0  0  0  0  10275  11767  11787  12482  
35<-------5064-------43



36<-------5051-------28
0  0  0  0  0  0  0  0  0  0  0  0  0  0  16483  16942  17009  18461  
0  0  0  0  0  0  0  0  0  0  13079  0  13900  0  15157  15320  15693  15815  
0  0  0  0  0  0  0  0  0  0  0  0  10964  0  11318  12289  12465  12911  
36<-------5051-------28


36<-------5058-------37
0  0  0  0  0  0  0  0  0  0  
0  0  0  0  0  0  0  0  0  0  
0  0  0  0  0  0  0  0  0  0  
0  0  0  0  0  0  0  0  0  0  
36<-------5058-------37


36<-------5065-------44
0  0  0  0  0  0  0  0  0  14636  0  0  0  15842  17547  
0  0  0  0  0  0  0  0  0  13959  0  0  0  13976  14444  
0  0  0  0  0  0  0  0  0  0  0  0  0  13486  13807  
0  0  0  0  0  0  0  0  0  0  0  11609  12593  12657  13138  
36<-------5065-------44



37<-------5052-------29
0  0  0  0  0  0  0  0  0  0  0  0  0  0  0  0  0  0  
37<-------5052-------29


37<-------5058-------36
0  0  0  0  0  0  0  0  0  0  
0  0  0  0  0  0  0  0  0  0  
0  0  0  0  0  0  0  0  0  0  
0  0  0  0  0  0  0  0  0  0  
37<-------5058-------36


37<-------5059-------38
0  0  0  0  0  0  0  0  0  0  0  0  0  0  0  0  17922  17932  19077  19236  
0  0  0  0  0  0  0  0  0  0  0  0  0  0  0  0  16623  0  16718  17252  
0  0  0  0  0  0  0  0  0  0  0  0  0  0  0  0  14748  14758  15402  16392  
0  0  0  0  0  0  0  0  0  0  0  0  13735  0  13889  0  0  0  14351  14375  
0  0  0  0  0  0  0  0  0  0  0  0  0  0  0  0  10727  11263  11681  12121  
37<-------5059-------38


37<-------5066-------45
0  0  0  0  0  0  0  0  15116  15812  16573  18505  
0  0  0  0  0  0  0  0  0  0  14653  14842  
0  0  0  0  12418  0  0  0  13146  0  14002  14217  
0  0  0  0  0  0  0  0  10831  11727  11916  12258  
37<-------5066-------45



38<-------5059-------37
0  0  0  0  0  0  0  0  0  0  0  0  0  0  0  0  0  0  0  0  
0  0  0  0  0  0  0  0  0  0  0  0  0  0  0  0  0  0  0  0  
0  0  0  0  0  0  0  0  0  0  0  0  0  0  0  0  0  0  0  0  
0  0  0  0  0  0  0  0  0  0  0  0  0  0  0  0  0  0  0  0  
0  0  0  0  0  0  0  0  0  0  0  0  0  0  0  0  0  0  0  0  
38<-------5059-------37


38<-------5060-------39
0  0  0  0  0  0  0  0  0  0  
38<-------5060-------39


38<-------5067-------46
0  0  0  0  0  0  0  0  0  0  
0  0  0  0  0  0  19292  0  0  0  
0  0  0  0  0  0  16701  0  16802  18585  
0  0  0  0  0  0  12672  14381  15476  15554  
0  0  0  0  0  0  10391  11083  11734  12025  
38<-------5067-------46



39<-------5054-------31
0  0  0  0  0  0  0  0  0  0  0  0  0  0  0  
0  0  0  0  0  0  0  0  0  0  0  0  0  0  0  
0  0  0  0  0  0  0  0  0  0  0  0  0  0  0  
39<-------5054-------31


39<-------5060-------38
0  0  0  0  0  0  0  0  0  0  
39<-------5060-------38


39<-------5061-------40
0  0  0  0  0  0  0  0  0  0  0  0  0  0  0  0  0  0  
0  0  0  0  0  0  0  0  0  0  0  0  0  0  0  0  0  0  
39<-------5061-------40


39<-------5068-------47
0  0  0  0  0  0  0  0  0  0  0  0  0  0  0  0  0  0  16869  16973  
0  0  0  0  0  0  0  0  0  0  0  0  0  0  0  0  15288  15768  15836  15982  
0  0  0  0  0  0  0  0  0  0  0  0  0  0  0  0  13498  13543  13741  15090  
0  0  0  0  0  0  0  0  0  0  0  0  0  0  0  0  0  0  11743  13201  
0  0  0  0  0  0  0  0  0  0  0  0  0  0  0  0  0  0  10599  11003  
39<-------5068-------47



40<-------5055-------32
0  0  0  0  0  0  0  0  0  0  0  0  
40<-------5055-------32


40<-------5061-------39
0  0  0  0  0  0  0  0  0  0  0  0  0  0  0  0  0  0  
0  0  0  0  0  0  0  0  0  0  0  0  0  0  0  0  0  0  
40<-------5061-------39


40<-------5069-------48
0  0  0  0  0  0  0  0  0  0  0  0  0  0  12915  13127  13950  13991  
0  0  0  0  0  0  0  0  0  0  0  0  0  0  11769  11997  12412  12439  
40<-------5069-------48



41<-------5062-------33
0  0  0  0  0  0  0  0  0  0  0  0  
0  0  0  0  0  0  0  0  0  0  0  0  
0  0  0  0  0  0  0  0  0  0  0  0  
0  0  0  0  0  0  0  0  0  0  0  0  
41<-------5062-------33


41<-------5070-------42
0  0  0  0  0  0  0  0  0  0  0  0  
0  0  0  0  0  0  0  0  0  0  0  0  
0  0  0  0  0  0  0  0  0  0  0  0  
0  0  0  0  0  0  0  0  0  0  0  0  
41<-------5070-------42


41<-------5077-------49
0  0  0  0  0  0  11245  11880  0  0  12190  13595  
41<-------5077-------49



42<-------5063-------34
0  0  0  0  0  0  0  0  0  0  
42<-------5063-------34


42<-------5070-------41
0  0  0  0  0  0  0  0  0  0  0  0  
0  0  0  0  0  0  0  0  0  0  0  0  
0  0  0  0  0  0  0  0  0  0  0  0  
0  0  0  0  0  0  0  0  0  0  0  0  
42<-------5070-------41


42<-------5071-------43
0  0  0  0  0  0  0  0  0  0  0  0  0  0  0  
0  0  0  0  0  0  0  0  0  0  0  0  0  0  0  
0  0  0  0  0  0  0  0  0  0  0  0  0  0  0  
0  0  0  0  0  0  0  0  0  0  0  0  0  0  0  
0  0  0  0  0  0  0  0  0  0  0  0  0  0  0  
42<-------5071-------43


42<-------5078-------50
0  0  0  0  0  0  0  0  0  0  0  0  0  0  14121  14165  14918  16438  
0  0  0  0  0  0  0  0  0  0  0  0  11463  11484  11659  11837  13557  13816  
42<-------5078-------50



43<-------5064-------35
0  0  0  0  0  0  0  0  0  0  0  0  0  0  0  0  0  0  0  0  
0  0  0  0  0  0  0  0  0  0  0  0  0  0  0  0  0  0  0  0  
0  0  0  0  0  0  0  0  0  0  0  0  0  0  0  0  0  0  0  0  
0  0  0  0  0  0  0  0  0  0  0  0  0  0  0  0  0  0  0  0  
43<-------5064-------35


43<-------5071-------42
0  0  0  0  0  0  0  0  0  0  0  0  0  0  0  
0  0  0  0  0  0  0  0  0  0  0  0  0  0  0  
0  0  0  0  0  0  0  0  0  0  0  0  0  0  0  
0  0  0  0  0  0  0  0  0  0  0  0  0  0  0  
0  0  0  0  0  0  0  0  0  0  0  0  0  0  0  
43<-------5071-------42


43<-------5072-------44
0  0  0  0  0  0  0  0  0  0  0  0  0  0  0  
0  0  0  0  0  0  0  0  0  0  0  0  0  0  0  
0  0  0  0  0  0  0  0  0  0  0  0  0  0  0  
0  0  0  0  0  0  0  0  0  0  0  0  0  0  0  
0  0  0  0  0  0  0  0  0  0  0  0  0  0  0  
43<-------5072-------44


43<-------5079-------51
0  0  0  0  0  0  0  0  0  0  0  0  0  0  0  0  0  0  10959  15086  
43<-------5079-------51



44<-------5065-------36
0  0  0  0  0  0  0  0  0  0  0  0  0  0  0  
0  0  0  0  0  0  0  0  0  0  0  0  0  0  0  
0  0  0  0  0  0  0  0  0  0  0  0  0  0  0  
0  0  0  0  0  0  0  0  0  0  0  0  0  0  0  
44<-------5065-------36


44<-------5072-------43
0  0  0  0  0  0  0  0  0  0  0  0  0  0  0  
0  0  0  0  0  0  0  0  0  0  0  0  0  0  0  
0  0  0  0  0  0  0  0  0  0  0  0  0  0  0  
0  0  0  0  0  0  0  0  0  0  0  0  0  0  0  
0  0  0  0  0  0  0  0  0  0  0  0  0  0  0  
44<-------5072-------43


44<-------5073-------45
0  0  0  0  0  0  0  0  0  0  0  0  0  0  0  0  0  0  
0  0  0  0  0  0  0  0  0  0  0  0  0  0  0  0  0  0  
0  0  0  0  0  0  0  0  0  0  0  0  0  0  0  0  0  0  
0  0  0  0  0  0  0  0  0  0  0  0  0  0  0  0  0  0  
44<-------5073-------45


44<-------5080-------52
0  0  0  0  0  0  0  0  0  0  
0  0  0  0  0  0  0  0  0  0  
0  0  0  0  0  0  0  0  0  0  
44<-------5080-------52



45<-------5066-------37
0  0  0  0  0  0  0  0  0  0  0  0  
0  0  0  0  0  0  0  0  0  0  0  0  
0  0  0  0  0  0  0  0  0  0  0  0  
0  0  0  0  0  0  0  0  0  0  0  0  
45<-------5066-------37


45<-------5073-------44
0  0  0  0  0  0  0  0  0  0  0  0  0  0  0  0  0  0  
0  0  0  0  0  0  0  0  0  0  0  0  0  0  0  0  0  0  
0  0  0  0  0  0  0  0  0  0  0  0  0  0  0  0  0  0  
0  0  0  0  0  0  0  0  0  0  0  0  0  0  0  0  0  0  
45<-------5073-------44


45<-------5074-------46
0  0  0  0  0  0  0  0  0  0  
0  0  0  0  0  0  0  0  0  0  
0  0  0  0  0  0  0  0  0  0  
45<-------5074-------46


45<-------5081-------53
0  0  0  0  0  0  0  0  0  0  0  0  14239  15079  0  0  15103  15572  
0  0  0  0  0  0  0  0  0  0  0  0  11404  12080  12388  0  12882  13156  
0  0  0  0  0  0  0  0  0  0  0  0  10601  0  0  0  10836  10980  
45<-------5081-------53



46<-------5067-------38
0  0  0  0  0  0  0  0  0  0  
0  0  0  0  0  0  0  0  0  0  
0  0  0  0  0  0  0  0  0  0  
0  0  0  0  0  0  0  0  0  0  
0  0  0  0  0  0  0  0  0  0  
46<-------5067-------38


46<-------5075-------47
0  0  0  0  0  0  0  0  0  0  0  0  0  0  0  0  0  0  0  0  
46<-------5075-------47


46<-------5082-------54
0  0  0  0  10838  0  0  0  11123  11992  
46<-------5082-------54



47<-------5068-------39
0  0  0  0  0  0  0  0  0  0  0  0  0  0  0  0  0  0  0  0  
0  0  0  0  0  0  0  0  0  0  0  0  0  0  0  0  0  0  0  0  
0  0  0  0  0  0  0  0  0  0  0  0  0  0  0  0  0  0  0  0  
0  0  0  0  0  0  0  0  0  0  0  0  0  0  0  0  0  0  0  0  
0  0  0  0  0  0  0  0  0  0  0  0  0  0  0  0  0  0  0  0  
47<-------5068-------39


47<-------5075-------46
0  0  0  0  0  0  0  0  0  0  0  0  0  0  0  0  0  0  0  0  
47<-------5075-------46


47<-------5076-------48
0  0  0  0  0  0  0  0  0  0  0  0  0  0  0  
47<-------5076-------48



48<-------5069-------40
0  0  0  0  0  0  0  0  0  0  0  0  0  0  0  0  0  0  
0  0  0  0  0  0  0  0  0  0  0  0  0  0  0  0  0  0  
48<-------5069-------40


48<-------5076-------47
0  0  0  0  0  0  0  0  0  0  0  0  0  0  0  
48<-------5076-------47


48<-------5083-------56
0  0  0  0  0  0  0  0  0  0  0  0  0  0  0  0  0  0  14374  14467  
0  0  0  0  0  0  0  0  0  0  0  0  0  0  11657  0  11878  12318  12770  14003  
0  0  0  0  0  0  0  0  0  0  0  0  0  0  0  0  10423  11009  11160  11576  
48<-------5083-------56



49<-------5077-------41
0  0  0  0  0  0  0  0  0  0  0  0  
49<-------5077-------41


49<-------5084-------50
0  0  0  0  0  0  0  0  0  0  0  0  0  0  0  0  0  0  0  0  
0  0  0  0  0  0  0  0  0  0  0  0  0  0  0  0  0  0  0  0  
0  0  0  0  0  0  0  0  0  0  0  0  0  0  0  0  0  0  0  0  
0  0  0  0  0  0  0  0  0  0  0  0  0  0  0  0  0  0  0  0  
49<-------5084-------50


49<-------5090-------57
0  0  0  0  0  0  14240  0  14993  15397  
0  0  0  0  0  0  13812  0  13827  14191  
0  0  0  0  0  0  11709  12045  12681  13592  
49<-------5090-------57



50<-------5078-------42
0  0  0  0  0  0  0  0  0  0  0  0  0  0  0  0  0  0  
0  0  0  0  0  0  0  0  0  0  0  0  0  0  0  0  0  0  
50<-------5078-------42


50<-------5084-------49
0  0  0  0  0  0  0  0  0  0  0  0  0  0  0  0  0  0  0  0  
0  0  0  0  0  0  0  0  0  0  0  0  0  0  0  0  0  0  0  0  
0  0  0  0  0  0  0  0  0  0  0  0  0  0  0  0  0  0  0  0  
0  0  0  0  0  0  0  0  0  0  0  0  0  0  0  0  0  0  0  0  
50<-------5084-------49


50<-------5085-------51
0  0  0  0  0  0  0  0  0  0  
50<-------5085-------51


50<-------5091-------58
0  0  0  0  0  0  14379  0  0  0  14495  14805  
0  0  0  0  0  0  10886  11817  12096  12103  12138  13293  
0  0  0  0  0  0  0  0  0  0  10058  10582  
50<-------5091-------58



51<-------5079-------43
0  0  0  0  0  0  0  0  0  0  0  0  0  0  0  0  0  0  0  0  
51<-------5079-------43


51<-------5086-------52
0  0  0  0  0  0  0  0  0  0  0  0  0  0  0  0  0  0  0  0  
51<-------5086-------52


51<-------5092-------59
0  0  0  0  0  0  0  0  17506  0  17554  18654  
0  0  0  0  0  0  14787  15631  16098  16387  16434  17456  
0  0  0  0  0  0  0  0  13591  0  13789  14222  
0  0  0  0  0  0  0  0  11672  11736  12231  13181  
0  0  0  0  0  0  0  0  10163  10373  10918  11402  
51<-------5092-------59



52<-------5086-------51
0  0  0  0  0  0  0  0  0  0  0  0  0  0  0  0  0  0  0  0  
52<-------5086-------51


52<-------5087-------53
0  0  0  0  0  0  0  0  0  0  0  0  
52<-------5087-------53


52<-------5093-------60
0  0  0  0  0  0  0  0  0  0  0  0  0  0  0  0  0  0  
0  0  0  0  0  0  0  0  0  0  0  0  0  0  0  0  0  0  
0  0  0  0  0  0  0  0  0  0  0  0  10521  10882  0  0  12737  0  
52<-------5093-------60



53<-------5081-------45
0  0  0  0  0  0  0  0  0  0  0  0  0  0  0  0  0  0  
0  0  0  0  0  0  0  0  0  0  0  0  0  0  0  0  0  0  
0  0  0  0  0  0  0  0  0  0  0  0  0  0  0  0  0  0  
53<-------5081-------45


53<-------5087-------52
0  0  0  0  0  0  0  0  0  0  0  0  
53<-------5087-------52


53<-------5094-------61
0  0  0  0  0  0  0  0  0  0  0  0  12082  12635  12674  12818  13217  14101  
0  0  0  0  0  0  0  0  0  0  0  0  0  0  10229  10891  11107  11755  
53<-------5094-------61



54<-------5082-------46
0  0  0  0  0  0  0  0  0  0  
54<-------5082-------46


54<-------5088-------55
0  0  0  0  0  0  0  0  0  0  0  0  0  0  0  
0  0  0  0  0  0  0  0  0  0  0  0  0  0  0  
0  0  0  0  0  0  0  0  0  0  0  0  0  0  0  
54<-------5088-------55


54<-------5095-------62
0  0  0  0  0  0  0  0  0  0  0  0  0  0  17431  0  0  0  17528  18435  
0  0  0  0  0  0  0  0  0  0  0  0  0  0  15507  0  15565  15698  15976  17087  
0  0  0  0  0  0  0  0  0  0  0  0  0  0  0  0  14290  14361  14393  15198  
0  0  0  0  0  0  0  0  0  0  0  0  0  0  0  0  10535  11794  12305  13612  
54<-------5095-------62



55<-------5088-------54
0  0  0  0  0  0  0  0  0  0  0  0  0  0  0  
0  0  0  0  0  0  0  0  0  0  0  0  0  0  0  
0  0  0  0  0  0  0  0  0  0  0  0  0  0  0  
55<-------5088-------54


55<-------5089-------56
0  0  0  0  0  0  0  0  0  0  0  0  
0  0  0  0  0  0  0  0  0  0  0  0  
0  0  0  0  0  0  0  0  0  0  0  0  
0  0  0  0  0  0  0  0  0  0  0  0  
0  0  0  0  0  0  0  0  0  0  0  0  
55<-------5089-------56


55<-------5096-------63
0  0  0  0  0  0  0  0  0  0  
0  0  0  0  0  0  0  0  0  0  
0  0  0  0  0  0  0  0  0  0  
55<-------5096-------63



56<-------5083-------48
0  0  0  0  0  0  0  0  0  0  0  0  0  0  0  0  0  0  0  0  
0  0  0  0  0  0  0  0  0  0  0  0  0  0  0  0  0  0  0  0  
0  0  0  0  0  0  0  0  0  0  0  0  0  0  0  0  0  0  0  0  
56<-------5083-------48


56<-------5089-------55
0  0  0  0  0  0  0  0  0  0  0  0  
0  0  0  0  0  0  0  0  0  0  0  0  
0  0  0  0  0  0  0  0  0  0  0  0  
0  0  0  0  0  0  0  0  0  0  0  0  
0  0  0  0  0  0  0  0  0  0  0  0  
56<-------5089-------55


56<-------5097-------64
0  0  0  0  0  0  0  0  11223  12357  
56<-------5097-------64



57<-------5090-------49
0  0  0  0  0  0  0  0  0  0  
0  0  0  0  0  0  0  0  0  0  
0  0  0  0  0  0  0  0  0  0  
57<-------5090-------49


57<-------5098-------58
0  0  0  0  0  0  0  0  0  0  0  0  0  0  0  
57<-------5098-------58



58<-------5091-------50
0  0  0  0  0  0  0  0  0  0  0  0  
0  0  0  0  0  0  0  0  0  0  0  0  
0  0  0  0  0  0  0  0  0  0  0  0  
58<-------5091-------50


58<-------5098-------57
0  0  0  0  0  0  0  0  0  0  0  0  0  0  0  
58<-------5098-------57


58<-------5099-------59
0  0  0  0  0  0  0  0  0  0  0  0  0  0  0  
0  0  0  0  0  0  0  0  0  0  0  0  0  0  0  
0  0  0  0  0  0  0  0  0  0  0  0  0  0  0  
0  0  0  0  0  0  0  0  0  0  0  0  0  0  0  
0  0  0  0  0  0  0  0  0  0  0  0  0  0  0  
58<-------5099-------59



59<-------5092-------51
0  0  0  0  0  0  0  0  0  0  0  0  
0  0  0  0  0  0  0  0  0  0  0  0  
0  0  0  0  0  0  0  0  0  0  0  0  
0  0  0  0  0  0  0  0  0  0  0  0  
0  0  0  0  0  0  0  0  0  0  0  0  
59<-------5092-------51


59<-------5099-------58
0  0  0  0  0  0  0  0  0  0  0  0  0  0  0  
0  0  0  0  0  0  0  0  0  0  0  0  0  0  0  
0  0  0  0  0  0  0  0  0  0  0  0  0  0  0  
0  0  0  0  0  0  0  0  0  0  0  0  0  0  0  
0  0  0  0  0  0  0  0  0  0  0  0  0  0  0  
59<-------5099-------58


59<-------5100-------60
0  0  0  0  0  0  0  0  0  0  13296  13770  
0  0  0  0  0  0  12330  12627  0  0  12956  13035  
0  0  0  0  0  0  10590  0  0  0  10988  12076  
59<-------5100-------60



60<-------5093-------52
0  0  0  0  0  0  0  0  0  0  0  0  0  0  17084  19920  0  0  
0  0  0  0  0  0  0  0  0  0  0  0  14517  0  0  0  15807  15967  
0  0  0  0  0  0  0  0  0  0  0  0  10192  0  10825  10947  12537  14113  
60<-------5093-------52


60<-------5100-------59
0  0  0  0  0  0  0  0  0  0  0  0  
0  0  0  0  0  0  0  0  0  0  0  0  
0  0  0  0  0  0  0  0  0  0  0  0  
60<-------5100-------59


60<-------5101-------61
0  0  0  0  0  0  0  0  0  0  0  0  0  0  0  0  0  0  0  0  
0  0  0  0  0  0  0  0  0  0  0  0  0  0  0  0  0  0  0  0  
0  0  0  0  0  0  0  0  0  0  0  0  0  0  0  0  0  0  0  0  
60<-------5101-------61



61<-------5094-------53
0  0  0  0  0  0  0  0  0  0  0  0  0  0  0  0  0  0  
0  0  0  0  0  0  0  0  0  0  0  0  0  0  0  0  0  0  
61<-------5094-------53


61<-------5101-------60
0  0  0  0  0  0  0  0  0  0  0  0  0  0  0  0  0  0  0  0  
0  0  0  0  0  0  0  0  0  0  0  0  0  0  0  0  0  0  0  0  
0  0  0  0  0  0  0  0  0  0  0  0  0  0  0  0  0  0  0  0  
61<-------5101-------60


61<-------5102-------62
0  0  0  0  0  0  0  0  0  0  
0  0  0  0  0  0  0  0  0  0  
0  0  0  0  0  0  0  0  0  0  
0  0  0  0  0  0  0  0  0  0  
61<-------5102-------62



62<-------5095-------54
0  0  0  0  0  0  0  0  0  0  0  0  0  0  0  0  0  0  0  0  
0  0  0  0  0  0  0  0  0  0  0  0  0  0  0  0  0  0  0  0  
0  0  0  0  0  0  0  0  0  0  0  0  0  0  0  0  0  0  0  0  
0  0  0  0  0  0  0  0  0  0  0  0  0  0  0  0  0  0  0  0  
62<-------5095-------54


62<-------5102-------61
0  0  0  0  0  0  0  0  0  0  
0  0  0  0  0  0  0  0  0  0  
0  0  0  0  0  0  0  0  0  0  
0  0  0  0  0  0  0  0  0  0  
62<-------5102-------61


62<-------5103-------63
0  0  0  0  0  0  0  0  15528  15818  
0  0  0  0  0  0  12949  13339  14565  15512  
0  0  0  0  10911  12483  0  0  12564  12735  
62<-------5103-------63



63<-------5096-------55
0  0  0  0  0  0  13275  15410  16532  17417  
0  0  0  0  0  0  11332  11885  12399  12834  
0  0  0  0  0  0  10102  10398  10888  11098  
63<-------5096-------55


63<-------5103-------62
0  0  0  0  0  0  0  0  0  0  
0  0  0  0  0  0  0  0  0  0  
0  0  0  0  0  0  0  0  0  0  
63<-------5103-------62


63<-------5104-------64
0  0  0  0  0  0  0  0  0  0  0  0  0  0  0  0  0  0  
0  0  0  0  0  0  0  0  0  0  0  0  0  0  0  0  0  0  
0  0  0  0  0  0  0  0  0  0  0  0  0  0  0  0  0  0  
0  0  0  0  0  0  0  0  0  0  0  0  0  0  0  0  0  0  
0  0  0  0  0  0  0  0  0  0  0  0  0  0  0  0  0  0  
63<-------5104-------64



64<-------5097-------56
0  0  0  0  0  0  0  0  0  0  
64<-------5097-------56


64<-------5104-------63
0  0  0  0  0  0  0  0  0  0  0  0  0  0  0  0  0  0  
0  0  0  0  0  0  0  0  0  0  0  0  0  0  0  0  0  0  
0  0  0  0  0  0  0  0  0  0  0  0  0  0  0  0  0  0  
0  0  0  0  0  0  0  0  0  0  0  0  0  0  0  0  0  0  
0  0  0  0  0  0  0  0  0  0  0  0  0  0  0  0  0  0  
64<-------5104-------63



Cross: 1 0 0 0 0
Cross: 2 0 0 0 0
Cross: 3 0 0 0 0
Cross: 4 0 0 0 0
Cross: 5 0 0 0 0
Cross: 6 0 0 0 0
Cross: 7 0 0 0 0
Cross: 8 0 0 0 0
Cross: 9 0 0 0 0
Cross: 10 0 0 0 0
Cross: 11 0 0 0 0
Cross: 12 0 0 0 0
Cross: 13 0 0 0 0
Cross: 14 0 0 0 0
Cross: 15 0 0 0 0
Cross: 16 0 11002 0 0
Cross: 17 0 0 0 0
Cross: 18 0 0 0 0
Cross: 19 0 0 0 0
Cross: 20 0 0 0 0
Cross: 21 0 0 0 0
Cross: 22 0 0 0 0
Cross: 23 0 0 0 0
Cross: 24 0 0 0 0
Cross: 25 0 0 0 0
Cross: 26 0 0 0 0
Cross: 27 0 0 0 0
Cross: 28 0 0 0 0
Cross: 29 15845 0 0 0
Cross: 30 0 0 0 0
Cross: 31 0 0 0 0
Cross: 32 0 0 0 0
Cross: 33 0 0 0 0
Cross: 34 0 0 0 0
Cross: 35 0 0 0 0
Cross: 36 0 0 0 0
Cross: 37 0 0 0 0
Cross: 38 0 0 0 0
Cross: 39 0 0 0 0
Cross: 40 0 0 0 0
Cross: 41 0 0 0 0
Cross: 42 0 0 0 0
Cross: 43 0 0 0 0
Cross: 44 0 0 0 0
Cross: 45 0 0 0 0
Cross: 46 0 0 0 10838
Cross: 47 0 0 0 0
Cross: 48 0 0 0 0
Cross: 49 0 0 0 0
Cross: 50 0 0 0 0
Cross: 51 0 0 0 0
Cross: 52 0 0 0 0
Cross: 53 0 0 0 0
Cross: 54 0 0 0 0
Cross: 55 0 0 0 0
Cross: 56 0 0 0 0
Cross: 57 0 0 0 0
Cross: 58 0 0 0 0
Cross: 59 0 0 0 0
Cross: 60 0 0 0 0
Cross: 61 0 0 0 0
Cross: 62 10911 0 0 0
Cross: 63 0 0 0 0
Cross: 64 0 0 0 0

