#(carId,StartTime,road...)
(10000,4,5017,5028,5039,5050)
(10001,8,5013,5019,5030,5041,5047)
(10002,6,5018,5029,5040,5051,5056)
(10003,3,5017,5028,5039,5050,5056,5057,5058)
(10004,1,5008,5019,5030,5036)
(10005,16,5006,5017,5028,5039,5050,5056,5057,5058)
(10006,1,5008,5019,5030,5041,5047)
(10007,3,5050,5039,5028,5017,5012,5013,5008,5003,5004)
(10008,20,5039,5028,5017,5006,5000)
(10009,9,5008,5019,5030,5041,5047)
(10010,129,5040,5029,5018,5013,5008)
(10011,76,5019,5030,5041,5052,5057,5056,5055)
(10012,5,5027,5038,5049,5055,5056)
(10013,1,5005,5016,5027,5038,5044,5045,5046,5047)
(10014,2,5032,5021,5010,5004,5003,5002,5001,5000)
(10015,92,5016,5027,5038)
(10016,4,5041,5030,5024,5018,5012,5011)
(10017,10,5031,5025,5019,5008)
(10018,59,5027,5038,5049,5055)
(10019,93,5016,5027,5038,5044,5045,5046,5047)
(10020,10,5020,5031,5042,5048)
(10021,2,5027,5038,5049)
(10022,10,5017,5028,5039,5045,5046,5047)
(10023,18,5005,5016,5027,5038)
(10024,3,5041,5030,5019,5008)
(10025,137,5030,5019,5008,5002)
(10026,1,5030,5019,5008,5002,5001,5000)
(10027,94,5016,5027,5038,5049,5055,5056,5057)
(10028,92,5052,5041,5030,5024)
(10029,1,5027,5038,5049,5055,5056,5057,5058)
(10030,1,5008,5019,5030,5041,5046)
(10031,28,5029,5040,5051,5057,5058)
(10032,1,5030,5041,5052,5058,5059)
(10033,7,5038,5027,5016,5005,5000)
(10034,72,5042,5031,5025,5019,5008,5002,5001)
(10035,2,5029,5040,5051)
(10036,8,5038,5027,5016,5005,5000,5001,5002)
(10037,7,5042,5031,5025,5024,5018)
(10038,4,5015,5020,5031,5042,5053,5058,5057,5056,5055)
(10039,7,5050,5039,5028,5017)
(10040,8,5019,5030,5041,5052,5057,5056)
(10041,83,5015,5020,5031,5042,5053,5059)
(10042,1,5049,5038,5027,5016,5011,5012,5013)
(10043,11,5051,5040,5029,5018,5013,5014,5015)
(10044,1,5031,5025,5019,5008,5002,5001)
(10045,8,5053,5042,5031,5025,5019)
(10046,108,5030,5041,5052)
(10047,3,5018,5029,5040,5051,5056)
(10048,124,5030,5041,5052)
(10049,76,5019,5030,5041,5052,5058,5059)
(10050,118,5030,5041,5052,5058,5059)
(10051,34,5028,5039,5050,5056)
(10052,5,5053,5042,5031,5025,5024,5018,5012)
(10053,17,5006,5017,5028,5039,5045,5046,5047,5048)
(10054,6,5040,5029,5018,5012,5011)
(10055,1,5006,5017,5028,5034,5035,5036)
(10056,16,5007,5013,5019,5030,5036,5037)
(10057,2,5041,5030,5019)
(10058,2,5040,5029,5018,5012)
(10059,2,5027,5038,5049,5055,5056)
(10060,94,5054,5043,5032,5021,5010,5004,5003)
(10061,4,5032,5043,5054)
(10062,2,5009,5020,5031,5036,5041,5046,5045,5044)
(10063,149,5030,5019,5008)
(10064,2,5020,5031,5042,5048)
(10065,40,5005,5016,5027,5038,5049)
(10066,75,5052,5041,5030,5019,5014,5015)
(10067,1,5021,5032,5043)
(10068,8,5032,5043,5054)
(10069,115,5043,5032,5021,5010)
(10070,130,5040,5029,5018,5007,5001)
(10071,118,5030,5041,5052,5058,5059)
(10072,14,5052,5041,5030,5019)
(10073,1,5029,5018,5007,5001)
(10074,95,5054,5043,5032,5021,5010,5004,5003,5002,5001,5000)
(10075,61,5028,5017,5006)
(10076,1,5028,5039,5050,5056,5057)
(10077,2,5017,5028,5039,5045,5046)
(10078,9,5053,5042,5031,5025,5019,5008)
(10079,8,5004,5009,5020,5031,5042,5053,5059)
(10080,47,5039,5028,5017,5006,5000)
(10081,3,5029,5040,5051)
(10082,33,5007,5018,5029,5040,5045,5044)
(10083,8,5009,5020,5031,5042,5047,5046)
(10084,5,5018,5029,5040,5051,5056,5055)
(10085,18,5051,5040,5029,5018,5007,5001,5000)
(10086,2,5032,5021,5010)
(10087,95,5054,5043,5032,5026,5025)
(10088,8,5054,5043,5032,5021,5010,5004)
(10089,5,5053,5042,5031,5025)
(10090,5,5027,5016,5005)
(10091,5,5015,5020,5031,5042,5053,5058)
(10092,2,5015,5020,5031,5042,5053,5058,5057)
(10093,5,5053,5042,5031,5025,5024,5023)
(10094,9,5053,5042,5031,5025,5024)
(10095,9,5041,5030,5019,5008,5003)
(10096,6,5016,5027,5038)
(10097,84,5028,5017,5006)
(10098,1,5016,5027,5038,5049)
(10099,3,5050,5039,5028,5017,5012,5013,5008,5003,5004)
(10100,64,5038,5027,5016,5011,5012,5013,5008,5003)
(10101,5,5018,5029,5040,5051)
(10102,125,5043,5032,5021,5015,5020,5025,5024,5018)
(10103,1,5050,5039,5028,5017,5012,5013,5008,5003,5004)
(10104,48,5028,5039,5050,5056,5057)
(10105,93,5052,5041,5030,5024,5018,5012,5011)
(10106,5,5018,5029,5040,5051,5057)
(10107,119,5030,5041,5052,5058)
(10108,17,5007,5018,5029,5040,5051,5057,5058,5059)
(10109,1,5039,5028,5017,5012,5013,5008,5003,5004)
(10110,22,5049,5038,5027,5016,5011,5012,5013,5008,5003,5004)
(10111,1,5027,5016,5005)
(10112,1,5010,5021,5032,5043,5048,5047,5046)
(10113,8,5050,5039,5028,5017,5012,5013)
(10114,2,5030,5019,5008,5002,5001,5000)
(10115,3,5053,5042,5031)
(10116,13,5029,5018,5007,5001)
(10117,1,5031,5042,5053,5059)
(10118,5,5040,5029,5018)
(10119,7,5020,5031,5042,5053,5058,5057)
(10120,77,5019,5030,5041,5047,5048)
(10121,12,5051,5040,5029,5018)
(10122,6,5013,5019,5030,5041)
(10123,85,5054,5043,5032,5026,5025,5024,5023)
(10124,4,5032,5043,5054)
(10125,9,5040,5029,5018,5007,5001)
(10126,116,5043,5032,5021)
(10127,2,5030,5019,5008,5002,5001,5000)
(10128,7,5031,5042,5053,5059)
(10129,5,5015,5020,5031,5042,5053,5058,5057,5056,5055)
(10130,7,5042,5031,5025,5019,5008)
(10131,5,5020,5031,5042,5053)
(10132,12,5028,5039,5050)
(10133,1,5029,5040,5051,5057,5058)
(10134,1,5018,5029,5040,5051,5057)
(10135,19,5051,5040,5029,5018,5013)
(10136,19,5054,5043,5032,5021,5010)
(10137,5,5027,5016,5005)
(10138,7,5006,5017,5028,5039)
(10139,6,5010,5021,5032,5037,5036,5041,5046,5045,5044)
(10140,6,5032,5043,5054)
(10141,4,5029,5018,5007,5001)
(10142,64,5038,5027,5016,5005,5000,5001)
(10143,2,5015,5020,5031,5042,5053)
(10144,3,5051,5040,5029,5018,5012,5011)
(10145,104,5030,5041,5052,5058)
(10146,78,5052,5041,5030,5019,5014)
(10147,2,5020,5031,5042,5053)
(10148,2,5030,5019,5008)
(10149,41,5029,5040,5051)
(10150,39,5028,5017,5006,5000)
(10151,7,5020,5031,5042,5053,5058,5057)
(10152,5,5030,5041,5052)
(10153,10,5020,5031,5042,5053,5058,5057,5056,5055)
(10154,73,5016,5027,5038)
(10155,2,5050,5039,5028,5017)
(10156,3,5051,5040,5029,5018,5013,5008,5003,5004)
(10157,120,5043,5032,5021,5015,5020,5025,5024,5018)
(10158,51,5039,5028,5017,5012,5013,5008,5003,5004)
(10159,1,5027,5038,5049,5055,5056)
(10160,121,5040,5029,5018,5012,5011)
(10161,74,5016,5027,5038,5044,5045,5046)
(10162,5,5032,5043,5054)
(10163,3,5053,5042,5031,5025,5019)
(10164,4,5009,5020,5031,5042,5047)
(10165,5,5015,5020,5031,5042,5053)
(10166,10,5031,5025,5019,5008,5003)
(10167,1,5054,5043,5032,5021,5010,5004,5003)
(10168,3,5017,5028,5039,5050,5055)
(10169,28,5027,5038,5049,5055,5056)
(10170,77,5019,5030,5041,5047)
(10171,3,5007,5018,5029,5040,5045)
(10172,41,5029,5040,5051)
(10173,2,5027,5038,5049,5055,5056,5057,5058)
(10174,138,5030,5019,5008,5002)
(10175,78,5019,5030,5041,5052,5057,5056)
(10176,6,5041,5030,5019,5008,5003,5004)
(10177,61,5017,5028,5039,5045,5046)
(10178,7,5049,5038,5027,5022,5023,5018,5013,5014,5015)
(10179,8,5032,5043,5054)
(10180,2,5029,5018,5007,5001,5000)
(10181,13,5053,5042,5031,5025,5019,5008,5003)
(10182,3,5049,5038,5027,5016,5005,5000)
(10183,57,5052,5041,5030,5024,5018,5012)
(10184,2,5040,5029,5018,5012,5011)
(10185,5,5032,5043,5054)
(10186,1,5027,5038,5049,5055,5056,5057,5058,5059)
(10187,1,5051,5040,5029)
(10188,1,5030,5019,5008,5002,5001)
(10189,4,5028,5039,5050,5056,5057)
(10190,28,5006,5017,5028,5034,5035,5036,5037)
(10191,4,5053,5042,5031,5026,5021)
(10192,1,5043,5032,5021,5010,5004,5003,5002,5001,5000)
(10193,3,5041,5030,5019)
(10194,126,5043,5032,5021)
(10195,5,5050,5039,5028,5017,5006,5000)
(10196,1,5031,5042,5053)
(10197,97,5015,5020,5031,5042,5053,5058)
(10198,4,5017,5028,5039,5045)
(10199,83,5019,5030,5041,5052,5058)
(10200,11,5031,5025,5019,5008,5002,5001,5000)
(10201,1,5028,5017,5006)
(10202,28,5039,5028,5017)
(10203,1,5005,5016,5027,5033,5034,5035,5036,5037)
(10204,4,5007,5018,5029)
(10205,3,5050,5039,5028)
(10206,7,5049,5038,5027,5022,5023,5018,5013,5014,5015)
(10207,1,5054,5043,5032,5021,5010,5004,5003)
(10208,52,5039,5028,5017)
(10209,6,5007,5018,5029,5040,5051,5056,5055)
(10210,75,5016,5027,5038,5049,5055,5056,5057)
(10211,3,5041,5030,5019,5008,5003,5004)
(10212,4,5009,5020,5031,5037)
(10213,1,5005,5016,5027,5038,5049,5055,5056)
(10214,6,5032,5021,5010,5004,5003,5002,5001)
(10215,8,5009,5020,5031,5042,5053,5058,5057,5056)
(10216,2,5010,5021,5032,5037,5042,5047,5046,5045)
(10217,1,5020,5031,5042,5053,5058,5057,5056,5055)
(10218,46,5042,5031,5025,5024,5018,5012,5011)
(10219,1,5004,5009,5020,5031,5042,5053,5058,5057,5056,5055)
(10220,7,5020,5031,5042,5053,5059)
(10221,6,5050,5039,5028,5017,5011)
(10222,30,5005,5016,5027,5038,5044,5045,5046,5047,5048)
(10223,6,5043,5032,5021,5010,5004,5003,5002)
(10224,6,5040,5029,5018)
(10225,49,5028,5039,5050,5056)
(10226,35,5028,5039,5050)
(10227,3,5018,5029,5040,5051,5057,5058)
(10228,2,5050,5039,5028,5017,5012,5013,5008,5003)
(10229,1,5050,5039,5028,5017,5006,5000)
(10230,36,5028,5039,5050,5056)
(10231,12,5027,5016,5005)
(10232,8,5042,5031,5026,5021,5010)
(10233,1,5049,5038,5027,5016)
(10234,3,5008,5019,5030,5036,5037)
(10235,37,5028,5039,5050,5056)
(10236,4,5029,5018,5007,5001,5000)
(10237,51,5042,5031,5025,5024,5018,5012)
(10238,8,5009,5020,5031)
(10239,3,5021,5032,5043)
(10240,31,5005,5016,5027,5033,5034,5035,5036)
(10241,5,5008,5019,5030,5041,5052,5057,5056)
(10242,21,5027,5016,5005)
(10243,38,5028,5039,5050,5056)
(10244,7,5020,5031,5042,5053,5058,5057,5056)
(10245,3,5050,5039,5028,5017,5006,5001,5002)
(10246,5,5031,5042,5053)
(10247,120,5043,5032,5021,5015,5014)
(10248,10,5008,5019,5030,5041,5046)
(10249,83,5019,5030,5041,5047,5048)
(10250,4,5049,5038,5027,5022,5023,5018,5013,5014,5015)
(10251,7,5043,5032,5021,5015,5020,5025,5024,5018)
(10252,85,5019,5030,5041,5052,5058,5059)
(10253,9,5054,5043,5032,5026,5025,5024,5023)
(10254,4,5052,5041,5030,5024,5023,5022)
(10255,2,5031,5042,5053)
(10256,27,5029,5018,5007,5001)
(10257,14,5029,5018,5007,5001,5000)
(10258,1,5039,5028,5017,5006,5001)
(10259,1,5027,5016,5005)
(10260,6,5049,5038,5027,5016,5011,5012,5013)
(10261,7,5015,5020,5031,5042,5053,5058,5057,5056,5055)
(10262,2,5015,5020,5031,5042,5053)
(10263,4,5041,5030,5024,5018,5012,5011)
(10264,20,5054,5043,5032,5021,5010,5004,5003)
(10265,1,5030,5041,5052,5058,5059)
(10266,6,5027,5038,5049,5055)
(10267,3,5051,5040,5029,5018)
(10268,3,5008,5019,5030,5041,5052)
(10269,2,5032,5021,5010,5004,5003)
(10270,3,5038,5027,5016,5005,5000)
(10271,3,5018,5029,5040,5051,5056)
(10272,6,5050,5039,5028,5017,5011)
(10273,5,5027,5016,5005)
(10274,1,5051,5040,5029,5023,5022)
(10275,13,5051,5040,5029,5018,5007)
(10276,69,5013,5019,5030,5041,5046)
(10277,18,5007,5013,5019,5030,5036,5037)
(10278,8,5031,5042,5053,5059)
(10279,9,5041,5030,5024,5018)
(10280,119,5030,5041,5052,5058)
(10281,2,5020,5031,5042)
(10282,126,5043,5032,5021,5010)
(10283,6,5027,5038,5049,5055)
(10284,19,5005,5016,5027,5033,5034)
(10285,21,5054,5043,5032)
(10286,1,5039,5028,5017)
(10287,8,5031,5025,5019,5008,5003)
(10288,1,5005,5016,5027,5038,5044,5045,5046,5047,5048)
(10289,120,5030,5041,5052,5058,5059)
(10290,40,5006,5017,5028,5039,5050,5056,5057,5058)
(10291,5,5017,5028,5039,5050,5056)
(10292,9,5054,5043,5032,5021,5015,5020,5025,5024,5018)
(10293,109,5030,5041,5052,5058)
(10294,6,5032,5043,5054)
(10295,1,5040,5029,5018,5013,5008,5003,5004)
(10296,68,5038,5027,5016,5005,5000,5001,5002)
(10297,3,5050,5039,5028,5017,5012,5013,5014)
(10298,86,5054,5043,5032,5021,5010)
(10299,8,5049,5038,5027,5016,5005,5000,5001)
(10300,41,5029,5040,5051,5057,5058,5059)
(10301,23,5049,5038,5027,5016)
(10302,2,5040,5029,5018,5013,5008,5003)
(10303,1,5031,5025,5019,5008,5002)
(10304,150,5030,5019,5008)
(10305,23,5008,5019,5030,5041,5052,5057,5056,5055)
(10306,3,5042,5031,5026,5021,5010)
(10307,1,5042,5031,5025,5019,5008)
(10308,5,5032,5021,5010,5004,5003,5002,5001,5000)
(10309,19,5007,5013,5019,5030,5041,5046)
(10310,5,5028,5039,5050)
(10311,1,5019,5030,5041)
(10312,4,5031,5042,5053,5059)
(10313,1,5039,5028,5017,5012,5013,5008,5003,5004)
(10314,2,5041,5030,5019,5008,5002)
(10315,10,5041,5030,5019,5008,5002,5001,5000)
(10316,5,5030,5041,5052,5058,5059)
(10317,1,5053,5042,5031,5025,5019,5008,5002)
(10318,4,5049,5038,5027,5016,5005,5000,5001,5002)
(10319,55,5039,5028,5017,5012,5013,5008,5003,5004)
(10320,5,5040,5029,5018,5013,5008,5003)
(10321,21,5039,5028,5017)
(10322,1,5007,5018,5029,5040,5045)
(10323,1,5031,5025,5019,5008,5002,5001,5000)
(10324,41,5005,5016,5027,5038,5049,5055,5056,5057,5058,5059)
(10325,1,5051,5040,5029,5018,5012,5011)
(10326,5,5051,5040,5029,5018,5013,5008,5003,5004)
(10327,1,5051,5040,5029,5018,5007,5001,5000)
(10328,7,5039,5028,5017,5012,5013,5008,5003)
(10329,20,5007,5013,5019,5030,5041,5047,5048)
(10330,79,5016,5027,5038,5049,5055,5056,5057,5058)
(10331,11,5008,5019,5030,5041,5052)
(10332,3,5040,5029,5018,5007)
(10333,2,5031,5042,5053,5059)
(10334,4,5021,5032,5043)
(10335,7,5041,5030,5024,5018,5012,5011)
(10336,1,5017,5028,5039,5045)
(10337,22,5054,5043,5032)
(10338,2,5015,5020,5031,5042,5053,5058,5057)
(10339,14,5053,5042,5031,5025,5024,5023)
(10340,1,5054,5043,5032,5021,5010,5004,5003,5002,5001,5000)
(10341,1,5030,5041,5052)
(10342,121,5043,5032,5021,5010,5004)
(10343,31,5027,5038,5049,5055,5056,5057)
(10344,10,5020,5031,5042,5053,5059)
(10345,4,5007,5018,5029,5040,5051,5057,5058)
(10346,7,5007,5018,5029,5040,5051,5057)
(10347,1,5007,5013,5019,5030,5041,5047,5048)
(10348,66,5028,5017,5006)
(10349,5,5032,5021,5010,5004,5003,5002,5001)
(10350,1,5006,5017,5028,5039,5050)
(10351,3,5027,5038,5049,5055,5056)
(10352,65,5038,5027,5016,5011,5012,5013,5008,5003)
(10353,1,5015,5020,5031,5042,5053,5058,5057,5056)
(10354,5,5052,5041,5030,5019)
(10355,10,5054,5043,5032,5026,5025)
(10356,1,5039,5028,5017,5006,5001)
(10357,1,5007,5013,5019,5030,5041,5047,5048)
(10358,122,5040,5029,5018,5012,5011)
(10359,4,5007,5018,5029,5040,5051,5056,5055)
(10360,1,5038,5027,5016,5011,5012,5013,5008,5003)
(10361,2,5017,5028,5039,5050,5056,5057,5058)
(10362,2,5041,5030,5019,5008)
(10363,1,5043,5032,5021,5010,5004)
(10364,6,5013,5019,5030,5041,5046)
(10365,1,5029,5018,5007,5001)
(10366,1,5027,5016,5005)
(10367,11,5005,5016,5027,5038,5049,5055,5056,5057,5058)
(10368,50,5028,5039,5050,5056)
(10369,29,5006,5017,5028,5034,5035,5036)
(10370,66,5017,5028,5039,5050,5056,5057,5058)
(10371,3,5008,5019,5030,5041,5052,5058,5059)
(10372,1,5008,5019,5030,5041,5046)
(10373,85,5019,5030,5041,5052,5057)
(10374,2,5029,5018,5007)
(10375,4,5009,5020,5031,5042,5047,5046)
(10376,51,5028,5039,5050)
(10377,7,5027,5016,5005)
(10378,3,5009,5020,5031,5042,5047,5046)
(10379,1,5031,5025,5019,5008,5003)
(10380,8,5020,5031,5042,5053)
(10381,87,5019,5030,5041,5052,5058)
(10382,1,5049,5038,5027,5016,5005)
(10383,8,5006,5017,5028,5039,5050,5055)
(10384,13,5028,5039,5050,5056)
(10385,3,5008,5019,5030,5041,5047,5048)
(10386,70,5013,5019,5030,5041,5047)
(10387,56,5039,5028,5017,5006,5001,5002)
(10388,5,5027,5016,5005)
(10389,20,5051,5040,5029)
(10390,95,5016,5027,5038,5049,5055,5056,5057,5058)
(10391,1,5016,5027,5038,5044,5045,5046,5047,5048)
(10392,2,5029,5040,5051)
(10393,125,5030,5041,5052,5058,5059)
(10394,7,5032,5043,5054)
(10395,8,5020,5031,5042,5053,5059)
(10396,41,5006,5017,5028,5039,5050)
(10397,7,5027,5038,5049,5055,5056,5057,5058,5059)
(10398,5,5031,5025,5019,5008)
(10399,13,5027,5016,5005)
(10400,52,5028,5039,5050)
(10401,2,5053,5042,5031,5025,5024)
(10402,8,5009,5020,5031,5042,5053,5058,5057,5056,5055)
(10403,2,5032,5021,5010,5004)
(10404,1,5031,5025,5019,5008,5002)
(10405,11,5054,5043,5032,5021,5015)
(10406,121,5043,5032,5021)
(10407,21,5051,5040,5029,5018,5013)
(10408,1,5040,5029,5018,5007)
(10409,3,5054,5043,5032,5021,5010,5004,5003,5002)
(10410,8,5039,5028,5017,5012,5013,5008,5003)
(10411,9,5004,5009,5020,5031,5042,5053,5058,5057,5056)
(10412,2,5006,5017,5028,5039,5050,5056)
(10413,4,5031,5042,5053,5059)
(10414,5,5017,5028,5039,5045)
(10415,1,5030,5019,5008)
(10416,10,5053,5042,5031,5025,5024,5023)
(10417,5,5051,5040,5029,5018,5007)
(10418,2,5041,5030,5019,5008,5002,5001,5000)
(10419,1,5039,5028,5017,5006,5001,5002)
(10420,5,5009,5020,5031,5042,5053,5058,5057,5056,5055)
(10421,32,5005,5016,5027,5033,5034)
(10422,5,5018,5029,5040,5051,5056)
(10423,5,5017,5028,5039,5045,5046)
(10424,42,5005,5016,5027,5038,5049,5055,5056,5057,5058)
(10425,21,5007,5018,5029,5040,5051,5057,5058,5059)
(10426,6,5018,5029,5040,5051,5056)
(10427,7,5016,5027,5038,5044,5045,5046,5047,5048)
(10428,116,5043,5032,5021,5015)
(10429,4,5054,5043,5032,5026,5025,5024,5023)
(10430,20,5005,5016,5027,5038)
(10431,7,5030,5041,5052,5058)
(10432,74,5013,5019,5030,5041,5046)
(10433,2,5030,5019,5008,5002,5001)
(10434,12,5054,5043,5032,5021,5015,5020,5025,5024,5018)
(10435,1,5042,5031,5025,5024,5018,5012,5011)
(10436,1,5049,5038,5027,5016,5011)
(10437,1,5027,5038,5049,5055,5056)
(10438,85,5028,5017,5006,5000)
(10439,2,5053,5042,5031,5026,5021,5010)
(10440,3,5027,5038,5049,5055,5056,5057,5058,5059)
(10441,22,5027,5016,5005)
(10442,120,5030,5041,5052)
(10443,57,5039,5028,5017,5011)
(10444,4,5041,5030,5019,5008,5003)
(10445,5,5017,5028,5039,5050)
(10446,73,5042,5031,5025,5024,5018,5012)
(10447,1,5028,5017,5006,5000)
(10448,8,5050,5039,5028,5017,5012)
(10449,5,5009,5020,5031,5042,5053)
(10450,25,5028,5039,5050,5056,5057,5058)
(10451,5,5050,5039,5028,5022)
(10452,1,5018,5029,5040,5051,5056,5055)
(10453,74,5042,5031,5025,5024,5018,5012,5011)
(10454,12,5049,5038,5027,5016,5005,5000)
(10455,3,5017,5028,5039,5045,5046,5047)
(10456,8,5042,5031,5025,5024,5018,5012)
(10457,8,5007,5013,5019,5030)
(10458,3,5032,5021,5010,5004,5003,5002)
(10459,4,5053,5042,5031,5025,5019,5008,5003)
(10460,4,5029,5040,5051,5057)
(10461,4,5054,5043,5032,5021,5010)
(10462,1,5028,5017,5006)
(10463,7,5027,5016,5005)
(10464,6,5040,5029,5018)
(10465,8,5027,5038,5049)
(10466,10,5020,5031,5042,5048)
(10467,2,5029,5018,5007,5001)
(10468,87,5019,5030,5041,5052)
(10469,84,5015,5020,5031,5042,5053,5058)
(10470,150,5030,5019,5008,5002)
(10471,68,5038,5027,5016,5005)
(10472,5,5032,5021,5010,5004,5003,5002,5001)
(10473,92,5028,5017,5006)
(10474,93,5029,5018,5007,5001,5000)
(10475,7,5043,5032,5021,5010,5004,5003,5002,5001)
(10476,9,5027,5038,5049,5055,5056,5057,5058,5059)
(10477,5,5015,5020,5031,5042,5053,5058,5057,5056)
(10478,2,5020,5031,5042)
(10479,3,5041,5030,5019,5008,5002,5001,5000)
(10480,1,5042,5031,5026,5021,5010)
(10481,41,5028,5017,5006)
(10482,142,5030,5019,5008,5002,5001)
(10483,64,5019,5030,5041,5047,5048)
(10484,117,5043,5032,5021,5010,5004,5003,5002,5001)
(10485,9,5009,5020,5031,5042,5047,5046)
(10486,1,5053,5042,5031,5026,5021,5010)
(10487,61,5019,5030,5041,5052,5058)
(10488,8,5049,5038,5027,5016,5005)
(10489,4,5041,5030,5019,5008,5002,5001,5000)
(10490,3,5042,5031,5025,5019,5014)
(10491,18,5006,5017,5028,5039,5050,5055)
(10492,1,5019,5030,5041)
(10493,3,5005,5016,5027,5033,5034,5035,5036,5037)
(10494,2,5009,5020,5031,5042,5053,5058,5057)
(10495,1,5027,5038,5049,5055,5056)
(10496,7,5015,5020,5031,5042,5053,5059)
(10497,9,5039,5028,5017,5011)
(10498,88,5019,5030,5041)
(10499,5,5004,5009,5020,5031,5042,5053)
(10500,3,5004,5009,5020,5031,5042,5053,5058,5057,5056,5055)
(10501,2,5032,5021,5010)
(10502,109,5030,5041,5052,5058)
(10503,2,5006,5017,5028,5039,5050)
(10504,3,5010,5021,5032,5043,5048,5047)
(10505,1,5008,5019,5030,5041,5052,5057,5056)
(10506,4,5049,5038,5027,5016,5011,5012,5013,5008,5003)
(10507,1,5030,5019,5008,5002,5001)
(10508,6,5031,5042,5053)
(10509,63,5027,5038,5049,5055,5056,5057,5058)
(10510,8,5038,5027,5016,5005,5000,5001)
(10511,6,5010,5021,5032,5043,5048,5047,5046)
(10512,6,5018,5029,5040,5051,5057,5058,5059)
(10513,70,5028,5017,5006,5000)
(10514,1,5031,5042,5053)
(10515,1,5028,5017,5006,5000)
(10516,30,5006,5017,5028,5039,5050,5056,5057,5058,5059)
(10517,4,5049,5038,5027,5022,5023,5018,5013,5014,5015)
(10518,2,5029,5040,5051,5057)
(10519,13,5049,5038,5027,5016,5011,5012,5013,5008,5003,5004)
(10520,3,5032,5021,5010,5004,5003,5002,5001,5000)
(10521,1,5031,5025,5019,5008,5003)
(10522,2,5029,5018,5007,5001)
(10523,12,5008,5019,5030,5041,5047)
(10524,4,5041,5030,5019,5008,5002,5001)
(10525,122,5043,5032,5021,5015,5020,5025,5024,5018,5012)
(10526,112,5030,5041,5052)
(10527,22,5051,5040,5029,5018,5013,5008,5003,5004)
(10528,1,5030,5041,5052,5058)
(10529,125,5030,5041,5052)
(10530,65,5038,5027,5016,5011,5012,5013,5008,5003,5004)
(10531,14,5027,5016,5005)
(10532,50,5028,5017,5006)
(10533,3,5006,5017,5028,5039,5044)
(10534,23,5027,5016,5005)
(10535,2,5031,5042,5053,5059)
(10536,71,5027,5038,5049,5055,5056)
(10537,55,5042,5031,5025,5024,5018,5012,5011)
(10538,1,5027,5016,5005)
(10539,42,5006,5017,5028,5034,5035,5036)
(10540,4,5004,5009,5020,5031,5042,5053,5058,5057)
(10541,1,5040,5029,5018,5012,5011)
(10542,10,5053,5042,5031,5025,5019,5014)
(10543,10,5039,5028,5017,5012,5013,5008,5003)
(10544,9,5032,5043,5054)
(10545,3,5042,5031,5025,5019,5008,5002)
(10546,6,5029,5018,5007,5001)
(10547,2,5031,5025,5019,5008,5003)
(10548,43,5005,5016,5027,5038,5049,5055,5056,5057,5058)
(10549,11,5039,5028,5017,5012,5013,5008,5003,5004)
(10550,7,5017,5028,5039,5050,5056,5057,5058)
(10551,2,5030,5019,5008)
(10552,45,5006,5017,5028,5039,5045)
(10553,9,5038,5027,5016,5005,5000)
(10554,1,5038,5027,5016,5005,5000)
(10555,5,5008,5019,5030,5041,5047,5048)
(10556,8,5020,5031,5042,5048)
(10557,75,5016,5027,5038,5049,5055,5056,5057,5058,5059)
(10558,26,5028,5039,5050)
(10559,86,5015,5020,5031,5042,5053,5058,5057)
(10560,2,5008,5019,5030,5041,5052)
(10561,10,5041,5030,5019,5008,5003,5004)
(10562,3,5031,5025,5019,5008,5002)
(10563,75,5027,5038,5049,5055,5056,5057)
(10564,6,5050,5039,5028)
(10565,57,5039,5028,5017,5006)
(10566,43,5029,5040,5051,5057,5058,5059)
(10567,3,5018,5029,5040,5051,5056,5055)
(10568,5,5052,5041,5030,5019,5008,5003,5004)
(10569,31,5008,5019,5030,5041,5052,5057,5056)
(10570,1,5041,5030,5019,5008)
(10571,1,5015,5020,5031,5042,5053,5058,5057,5056,5055)
(10572,3,5027,5038,5049,5055)
(10573,8,5031,5042,5053,5059)
(10574,4,5041,5030,5019,5008,5002,5001)
(10575,24,5049,5038,5027,5016,5011,5012,5013)
(10576,4,5038,5027,5016,5005,5000,5001,5002)
(10577,1,5027,5016,5005)
(10578,86,5054,5043,5032,5021,5015,5020,5025,5024,5018,5012)
(10579,112,5030,5041,5052,5058)
(10580,5,5042,5031,5025,5019,5008,5002,5001)
(10581,8,5031,5042,5053,5059)
(10582,5,5032,5043,5054)
(10583,96,5054,5043,5032,5026,5025,5024,5023)
(10584,93,5028,5017,5006)
(10585,1,5040,5029,5018,5007,5001,5000)
(10586,1,5040,5029,5018,5013,5008,5003)
(10587,2,5049,5038,5027,5016,5005)
(10588,34,5007,5018,5029,5040,5051,5056,5055)
(10589,138,5030,5019,5008)
(10590,19,5006,5017,5028,5039,5045,5046)
(10591,4,5031,5042,5053,5059)
(10592,24,5027,5016,5005)
(10593,31,5006,5017,5028,5034)
(10594,27,5028,5039,5050,5056,5057,5058)
(10595,13,5032,5043,5054)
(10596,8,5020,5031,5042,5053,5058)
(10597,4,5032,5043,5054)
(10598,1,5027,5038,5049,5055)
(10599,22,5007,5013,5019,5030,5036,5037)
(10600,2,5015,5020,5031,5042,5053,5058,5057,5056)
(10601,61,5038,5027,5016,5005)
(10602,1,5005,5016,5027,5038,5049)
(10603,43,5029,5040,5051,5057,5058)
(10604,6,5010,5021,5032,5043,5048)
(10605,1,5050,5039,5028,5017,5012,5013,5008,5003,5004)
(10606,2,5013,5019,5030,5041,5047,5048)
(10607,3,5020,5031,5042,5053,5059)
(10608,78,5019,5030,5041,5052,5058)
(10609,3,5039,5028,5017,5006,5001)
(10610,2,5032,5021,5010,5004,5003,5002,5001,5000)
(10611,3,5027,5016,5005)
(10612,65,5019,5030,5041,5052,5058)
(10613,113,5030,5041,5052)
(10614,4,5042,5031,5025,5019,5008,5003)
(10615,9,5013,5019,5030,5041,5047)
(10616,3,5015,5020,5031,5042,5053,5058,5057)
(10617,93,5028,5017,5006,5000)
(10618,15,5053,5042,5031,5025,5019,5008,5002,5001,5000)
(10619,88,5019,5030,5041)
(10620,69,5017,5028,5039,5050,5056)
(10621,2,5049,5038,5027)
(10622,4,5007,5013,5019,5030,5036)
(10623,8,5015,5020,5031,5042,5053,5058,5057,5056,5055)
(10624,1,5052,5041,5030,5024,5018,5012)
(10625,2,5017,5028,5039,5050)
(10626,4,5020,5031,5042)
(10627,1,5043,5032,5021,5015,5020,5025,5024,5018)
(10628,1,5009,5020,5031,5042,5047,5046)
(10629,5,5018,5029,5040,5051,5057,5058,5059)
(10630,62,5038,5027,5016,5011,5012,5013,5008,5003,5004)
(10631,71,5017,5028,5039,5050,5055)
(10632,96,5016,5027,5038,5044)
(10633,44,5005,5016,5027,5038,5049,5055,5056,5057)
(10634,9,5031,5042,5053)
(10635,1,5031,5042,5053,5059)
(10636,72,5017,5028,5039,5045,5046,5047,5048)
(10637,104,5030,5041,5052)
(10638,131,5040,5029,5018,5007,5001)
(10639,98,5029,5018,5007,5001,5000)
(10640,1,5019,5030,5041,5047)
(10641,3,5041,5030,5024,5018,5012,5011)
(10642,6,5052,5041,5030,5019,5008,5002,5001)
(10643,9,5009,5020,5031,5042,5053,5058)
(10644,9,5031,5025,5019,5008)
(10645,14,5049,5038,5027,5022,5023,5018,5013,5014,5015)
(10646,8,5051,5040,5029,5018,5013,5008,5003,5004)
(10647,9,5009,5020,5031,5042,5048)
(10648,58,5039,5028,5017,5012,5013,5008,5003,5004)
(10649,1,5005,5016,5027,5033,5034)
(10650,1,5019,5030,5041,5052,5058)
(10651,39,5027,5038,5049,5055,5056,5057,5058)
(10652,6,5009,5020,5031,5042,5047)
(10653,2,5009,5020,5031,5042,5053,5058,5057,5056,5055)
(10654,78,5028,5017,5006,5000)
(10655,110,5043,5032,5021,5010,5004,5003,5002,5001,5000)
(10656,2,5039,5028,5017)
(10657,88,5015,5020,5031,5042,5053)
(10658,89,5015,5020,5031,5042,5053,5058,5057,5056)
(10659,1,5009,5020,5031,5042,5053,5058)
(10660,3,5040,5029,5018,5007,5001,5000)
(10661,5,5053,5042,5031,5025,5024,5023,5022)
(10662,8,5032,5021,5010,5004,5003,5002,5001,5000)
(10663,2,5032,5043,5054)
(10664,4,5008,5019,5030,5041)
(10665,76,5013,5019,5030,5041,5047,5048)
(10666,2,5029,5040,5051,5057,5058,5059)
(10667,145,5030,5019,5008,5002,5001)
(10668,4,5020,5031,5042,5053,5058,5057,5056,5055)
(10669,16,5053,5042,5031,5025,5019,5008,5003)
(10670,20,5006,5017,5028,5034,5035)
(10671,32,5006,5017,5028,5039,5050,5056,5057,5058,5059)
(10672,5,5017,5028,5039,5050,5055)
(10673,7,5028,5039,5050,5056,5057,5058)
(10674,2,5049,5038,5027,5016,5011,5012)
(10675,2,5030,5041,5052,5058)
(10676,4,5029,5040,5051,5057,5058,5059)
(10677,10,5031,5042,5053,5059)
(10678,65,5019,5030,5041,5047,5048)
(10679,9,5007,5018,5029,5040,5045)
(10680,24,5008,5019,5030,5041)
(10681,2,5019,5030,5041,5047)
(10682,1,5042,5031,5025,5024,5018)
(10683,35,5007,5013,5019,5030,5041,5047,5048)
(10684,127,5043,5032,5021,5010,5004,5003,5002,5001,5000)
(10685,80,5016,5027,5038,5049,5055,5056,5057,5058)
(10686,16,5031,5025,5019,5008)
(10687,17,5031,5025,5019,5008)
(10688,6,5009,5020,5031)
(10689,21,5005,5016,5027)
(10690,8,5049,5038,5027,5022,5023,5018,5013,5014,5015)
(10691,5,5041,5030,5019,5008,5002)
(10692,151,5030,5019,5008,5002)
(10693,9,5042,5031,5026,5021,5010)
(10694,10,5007,5018,5029)
(10695,23,5054,5043,5032,5021,5015,5020,5025,5024,5018,5012)
(10696,4,5032,5043,5054)
(10697,1,5040,5029,5018,5013,5008,5003,5004)
(10698,130,5043,5032,5021,5015)
(10699,7,5017,5028,5039,5050,5056,5057)
(10700,39,5028,5039,5050)
(10701,5,5017,5028,5039,5050,5056,5057)
(10702,3,5005,5016,5027,5033,5034,5035)
(10703,15,5049,5038,5027,5016,5005,5000)
(10704,1,5028,5017,5006)
(10705,14,5028,5039,5050,5056)
(10706,110,5043,5032,5021,5010,5004,5003)
(10707,3,5032,5021,5010,5004,5003,5002,5001)
(10708,113,5030,5041,5052)
(10709,3,5006,5017,5028,5034)
(10710,9,5042,5031,5025,5019,5008,5002,5001)
(10711,3,5020,5031,5042,5048)
(10712,126,5030,5041,5052)
(10713,25,5027,5016,5005)
(10714,142,5030,5019,5008)
(10715,2,5053,5042,5031,5025,5024,5018,5012)
(10716,2,5043,5032,5021,5015,5020,5025,5024,5018,5012,5011)
(10717,122,5043,5032,5021)
(10718,23,5007,5013,5019,5030)
(10719,89,5019,5030,5041,5047)
(10720,24,5054,5043,5032,5021,5010,5004,5003)
(10721,29,5039,5028,5017,5012,5013,5008,5003)
(10722,1,5054,5043,5032,5021,5010)
(10723,1,5028,5039,5050,5056,5057,5058)
(10724,117,5043,5032,5021,5010,5004,5003,5002,5001,5000)
(10725,43,5029,5040,5051)
(10726,72,5017,5028,5039,5050,5055)
(10727,5,5049,5038,5027,5016,5011,5012)
(10728,21,5006,5017,5028,5039,5050,5056,5057,5058,5059)
(10729,8,5006,5017,5028,5039,5044)
(10730,69,5038,5027,5016,5005,5000,5001,5002)
(10731,2,5032,5043,5054)
(10732,4,5008,5019,5030,5041,5047)
(10733,11,5053,5042,5031,5025,5019,5008,5003)
(10734,2,5016,5027,5038,5049,5055,5056,5057,5058,5059)
(10735,99,5029,5018,5007,5001)
(10736,22,5006,5017,5028,5039,5045,5046,5047)
(10737,9,5006,5017,5028)
(10738,11,5041,5030,5024,5018)
(10739,9,5031,5042,5053,5059)
(10740,12,5039,5028,5017,5006,5000)
(10741,9,5013,5019,5030,5041,5046)
(10742,126,5030,5041,5052,5058)
(10743,5,5032,5043,5054)
(10744,8,5028,5039,5050,5056,5057,5058,5059)
(10745,76,5016,5027,5038,5044,5045,5046,5047,5048)
(10746,5,5042,5031,5025,5024,5018,5012)
(10747,2,5016,5027,5038,5049,5055,5056,5057)
(10748,8,5016,5027,5038,5049,5055,5056)
(10749,6,5017,5028,5039,5050)
(10750,4,5031,5025,5019,5008,5002,5001)
(10751,8,5020,5031,5042,5053,5058,5057,5056,5055)
(10752,1,5005,5016,5027,5038,5049,5055,5056,5057)
(10753,3,5027,5038,5049,5055,5056,5057,5058)
(10754,80,5019,5030,5041,5052,5058,5059)
(10755,143,5030,5019,5008,5002,5001)
(10756,24,5007,5018,5029,5040,5051,5056)
(10757,85,5028,5017,5006)
(10758,77,5054,5043,5032,5021,5015,5020,5025,5024,5018,5012,5011)
(10759,89,5019,5030,5041,5052,5058,5059)
(10760,2,5032,5043,5054)
(10761,1,5017,5028,5039,5045)
(10762,17,5053,5042,5031)
(10763,25,5008,5019,5030,5041,5052,5058,5059)
(10764,32,5008,5019,5030,5041,5052,5058,5059)
(10765,18,5031,5025,5019,5008,5003)
(10766,8,5017,5028,5039,5050,5056)
(10767,8,5027,5016,5005)
(10768,86,5028,5017,5006)
(10769,87,5016,5027,5038,5049)
(10770,90,5019,5030,5041,5052,5057,5056)
(10771,5,5054,5043,5032,5021,5010,5004,5003)
(10772,3,5017,5028,5039)
(10773,40,5028,5039,5050,5056)
(10774,9,5019,5030,5041,5052,5057)
(10775,45,5005,5016,5027,5038,5044,5045,5046)
(10776,2,5013,5019,5030,5041,5047,5048)
(10777,106,5029,5018,5007,5001,5000)
(10778,127,5030,5041,5052)
(10779,123,5040,5029,5018,5013,5008,5003,5004)
(10780,97,5016,5027,5038,5044)
(10781,1,5032,5043,5054)
(10782,3,5050,5039,5028,5017,5012,5013)
(10783,121,5030,5041,5052,5058)
(10784,10,5042,5031,5025,5019,5008,5003)
(10785,1,5031,5042,5053)
(10786,5,5032,5043,5054)
(10787,5,5010,5021,5032,5037,5042,5047,5046,5045)
(10788,7,5040,5029,5018)
(10789,6,5017,5028,5039)
(10790,9,5031,5025,5019,5008)
(10791,2,5039,5028,5017,5012,5013,5008,5003)
(10792,66,5019,5030,5041,5047)
(10793,7,5032,5043,5054)
(10794,13,5054,5043,5032,5021,5015,5020,5025,5024,5018)
(10795,3,5018,5029,5040,5051,5056)
(10796,1,5053,5042,5031,5025,5019,5008,5002,5001,5000)
(10797,4,5029,5040,5051,5057,5058)
(10798,2,5032,5043,5054)
(10799,4,5029,5040,5051)
(10800,10,5038,5027,5016,5011,5012,5013,5008,5003,5004)
(10801,123,5043,5032,5021,5015,5020,5025,5024,5018,5012)
(10802,2,5041,5030,5019,5008,5002,5001)
(10803,12,5031,5025,5019,5008,5002)
(10804,2,5039,5028,5017,5012,5013,5008,5003)
(10805,69,5038,5027,5016)
(10806,132,5040,5029,5018,5007)
(10807,4,5050,5039,5028,5017,5012,5013)
(10808,23,5051,5040,5029,5018,5007,5001,5000)
(10809,6,5031,5025,5019,5008,5002,5001)
(10810,6,5017,5028,5039,5050,5056)
(10811,30,5039,5028,5017,5011)
(10812,4,5050,5039,5028,5017,5012)
(10813,32,5029,5040,5051,5057,5058,5059)
(10814,9,5009,5020,5031,5042,5053,5058)
(10815,43,5006,5017,5028,5039,5050,5055)
(10816,22,5005,5016,5027,5038,5044,5045,5046,5047,5048)
(10817,87,5054,5043,5032,5021,5015)
(10818,88,5016,5027,5038,5049)
(10819,4,5005,5016,5027,5038,5044)
(10820,81,5016,5027,5038,5049,5055,5056,5057,5058)
(10821,2,5032,5021,5010,5004,5003,5002)
(10822,78,5054,5043,5032,5021,5010,5004,5003,5002)
(10823,2,5050,5039,5028,5017,5006,5001,5002)
(10824,2,5030,5019,5008)
(10825,1,5042,5031,5025,5019,5008,5002,5001)
(10826,3,5004,5009,5020,5031,5042,5053,5058)
(10827,8,5030,5041,5052)
(10828,12,5041,5030,5019,5008,5002)
(10829,25,5007,5018,5029,5040,5051,5056)
(10830,41,5028,5039,5050,5056,5057)
(10831,4,5010,5021,5032,5043,5048,5047,5046)
(10832,2,5049,5038,5027,5016,5011,5012,5013,5008,5003,5004)
(10833,2,5029,5040,5051,5057,5058,5059)
(10834,6,5052,5041,5030,5019,5014,5015)
(10835,7,5041,5030,5024,5018,5012)
(10836,2,5007,5013,5019,5030,5036,5037)
(10837,2,5030,5041,5052,5058,5059)
(10838,33,5005,5016,5027,5038,5049,5055,5056,5057,5058)
(10839,88,5054,5043,5032,5026)
(10840,2,5032,5043,5054)
(10841,105,5030,5041,5052)
(10842,88,5016,5027,5038,5049)
(10843,1,5007,5018,5029,5040,5045,5044)
(10844,3,5041,5030,5019,5008,5003,5004)
(10845,15,5029,5018,5007,5001)
(10846,4,5020,5031,5042,5053,5059)
(10847,12,5005,5016,5027,5038)
(10848,89,5016,5027,5038,5049,5055,5056,5057)
(10849,4,5038,5027,5016,5005)
(10850,1,5020,5031,5042,5048)
(10851,90,5019,5030,5041,5052,5057,5056)
(10852,3,5040,5029,5018,5007,5001)
(10853,68,5030,5019,5008)
(10854,82,5028,5017,5006)
(10855,6,5015,5020,5031,5042,5053,5058)
(10856,10,5019,5030,5041,5052,5057,5056,5055)
(10857,91,5019,5030,5041,5052,5058)
(10858,10,5013,5019,5030,5041,5047)
(10859,1,5010,5021,5032)
(10860,2,5029,5018,5007,5001)
(10861,114,5030,5041,5052,5058,5059)
(10862,26,5007,5018,5029,5040,5051,5057)
(10863,5,5038,5027,5016,5005)
(10864,3,5017,5028,5039,5050,5056)
(10865,4,5053,5042,5031,5025,5024,5018,5012,5011)
(10866,5,5032,5021,5010,5004)
(10867,82,5016,5027,5038,5044,5045,5046,5047,5048)
(10868,114,5030,5041,5052,5058,5059)
(10869,8,5029,5040,5051,5057)
(10870,8,5050,5039,5028)
(10871,3,5017,5028,5039,5045,5046)
(10872,8,5030,5041,5052,5058,5059)
(10873,143,5030,5019,5008,5002,5001)
(10874,145,5030,5019,5008,5002)
(10875,28,5028,5039,5050,5056,5057,5058,5059)
(10876,9,5027,5016,5005)
(10877,59,5039,5028,5017,5006,5000)
(10878,6,5004,5009,5020,5031,5042,5053,5058,5057,5056)
(10879,121,5030,5041,5052,5058)
(10880,9,5031,5042,5053)
(10881,8,5017,5028,5039,5050,5056,5057)
(10882,1,5004,5009,5020,5031,5042,5053,5058,5057)
(10883,6,5029,5018,5007,5001)
(10884,5,5007,5013,5019,5030,5041,5046)
(10885,8,5049,5038,5027,5022,5017,5012,5013,5014)
(10886,1,5053,5042,5031,5025,5024,5018)
(10887,5,5054,5043,5032,5021)
(10888,7,5040,5029,5018,5013,5008,5003)
(10889,4,5031,5025,5019,5008,5002,5001,5000)
(10890,1,5029,5040,5051,5057)
(10891,26,5027,5016,5005)
(10892,146,5030,5019,5008,5002,5001)
(10893,15,5052,5041,5030,5019,5008,5002)
(10894,4,5039,5028,5017,5011)
(10895,7,5040,5029,5018)
(10896,34,5005,5016,5027)
(10897,107,5029,5018,5007)
(10898,8,5017,5028,5039,5050,5056,5057,5058)
(10899,9,5006,5017,5028)
(10900,36,5019,5030,5041,5052,5057,5056)
(10901,4,5029,5018,5007)
(10902,127,5043,5032,5021,5010,5004)
(10903,4,5005,5016,5027,5038,5044,5045,5046,5047)
(10904,83,5016,5027,5038,5049,5055)
(10905,1,5020,5031,5042,5053,5058,5057,5056)
(10906,4,5009,5020,5031,5042,5047,5046,5045)
(10907,6,5029,5018,5007,5001)
(10908,1,5051,5040,5029,5018,5013)
(10909,19,5031,5025,5019,5008,5002,5001)
(10910,16,5049,5038,5027,5016,5005,5000,5001)
(10911,35,5005,5016,5027,5038,5049,5055,5056,5057,5058,5059)
(10912,1,5052,5041,5030,5019,5008,5002,5001,5000)
(10913,86,5028,5017,5006,5000)
(10914,2,5028,5017,5006)
(10915,1,5009,5020,5031,5042,5047)
(10916,8,5017,5028,5039,5045,5046,5047)
(10917,38,5019,5030,5041,5047,5048)
(10918,2,5009,5020,5031,5042,5047,5046)
(10919,146,5030,5019,5008,5002,5001,5000)
(10920,2,5009,5020,5031,5042,5053,5058,5057,5056)
(10921,3,5049,5038,5027,5016,5005,5000,5001,5002)
(10922,41,5020,5031,5042,5053,5058,5057,5056)
(10923,3,5009,5020,5031,5042,5053,5058,5057,5056,5055)
(10924,118,5043,5032,5021,5010,5004)
(10925,9,5029,5040,5051,5057,5058)
(10926,6,5054,5043,5032)
(10927,5,5038,5027,5016,5011,5012,5013,5008,5003)
(10928,1,5051,5040,5029,5018,5012)
(10929,10,5006,5017,5028,5039,5050)
(10930,107,5029,5018,5007,5001,5000)
(10931,10,5027,5016,5005)
(10932,87,5030,5019,5008)
(10933,70,5038,5027,5016,5005,5000,5001)
(10934,1,5029,5018,5007)
(10935,83,5028,5017,5006)
(10936,27,5007,5013,5019,5030)
(10937,60,5039,5028,5017,5011)
(10938,3,5028,5017,5006)
(10939,1,5050,5039,5028,5017,5012,5013)
(10940,127,5030,5041,5052,5058)
(10941,15,5028,5039,5050,5056,5057)
(10942,109,5029,5018,5007,5001,5000)
(10943,26,5008,5019,5030,5041)
(10944,147,5030,5019,5008,5002,5001)
(10945,151,5030,5019,5008,5002,5001,5000)
(10946,46,5005,5016,5027,5038,5049,5055,5056,5057,5058)
(10947,111,5029,5018,5007,5001)
(10948,7,5032,5043,5054)
(10949,1,5032,5021,5010)
(10950,1,5042,5031,5025,5019)
(10951,2,5050,5039,5028,5017,5012)
(10952,6,5029,5018,5007,5001,5000)
(10953,9,5049,5038,5027,5016,5005)
(10954,2,5030,5041,5052)
(10955,67,5019,5030,5041,5047)
(10956,27,5027,5016,5005)
(10957,1,5004,5009,5020,5031,5042,5053,5058,5057,5056,5055)
(10958,1,5053,5042,5031)
(10959,5,5007,5018,5029,5040,5051,5056,5055)
(10960,58,5052,5041,5030,5024)
(10961,5,5042,5031,5025,5019,5008,5003)
(10962,47,5005,5016,5027)
(10963,124,5040,5029,5018,5007,5001,5000)
(10964,33,5006,5017,5028,5039,5050)
(10965,32,5029,5040,5051,5057,5058)
(10966,4,5009,5020,5031,5042,5053,5058,5057,5056,5055)
(10967,5,5008,5019,5030,5036)
(10968,16,5052,5041,5030,5019,5008,5003)
(10969,5,5051,5040,5029,5018,5012,5011)
(10970,6,5053,5042,5031,5025,5024,5023,5022)
(10971,5,5020,5031,5042,5053)
(10972,75,5042,5031,5026,5021,5010)
(10973,10,5042,5031,5025,5019,5014)
(10974,33,5008,5019,5030,5036,5037)
(10975,4,5039,5028,5017,5012,5013,5008,5003)
(10976,13,5041,5030,5019,5008,5003,5004)
(10977,2,5019,5030,5041)
(10978,9,5049,5038,5027,5016,5011,5012,5013,5008,5003,5004)
(10979,6,5054,5043,5032)
(10980,122,5030,5041,5052,5058,5059)
(10981,2,5005,5016,5027,5038,5044)
(10982,96,5054,5043,5032,5026,5025)
(10983,36,5007,5018,5029,5040,5051,5056)
(10984,1,5027,5016,5005)
(10985,13,5008,5019,5030,5041,5052,5057)
(10986,1,5054,5043,5032,5021,5010,5004,5003,5002,5001,5000)
(10987,118,5043,5032,5021,5015)
(10988,68,5019,5030,5041,5047)
(10989,62,5019,5030,5041,5052,5058)
(10990,61,5039,5028,5017,5012,5013,5008,5003)
(10991,4,5039,5028,5017,5012,5013,5008,5003,5004)
(10992,6,5015,5020,5031,5042,5053,5059)
(10993,7,5041,5030,5019,5008,5002,5001,5000)
(10994,4,5005,5016,5027,5038,5049,5055,5056,5057,5058,5059)
(10995,4,5028,5017,5006,5000)
(10996,6,5020,5031,5042,5053,5058,5057)
(10997,6,5017,5028,5039,5045,5046,5047,5048)
(10998,139,5030,5019,5008,5002,5001)
(10999,1,5015,5020,5031,5042,5053,5058,5057,5056,5055)
(11000,39,5019,5030,5041,5052,5057,5056)
(11001,24,5051,5040,5029,5018,5013,5014)
(11002,4,5032,5021,5010)
(11003,4,5005,5016,5027,5038,5049,5055)
(11004,13,5032,5043,5054)
(11005,41,5019,5030,5041,5052,5057)
(11006,3,5029,5040,5051)
(11007,1,5027,5038,5049)
(11008,105,5030,5041,5052,5058,5059)
(11009,1,5028,5039,5050,5056,5057)
(11010,6,5017,5028,5039,5050,5056,5057,5058,5059)
(11011,5,5032,5021,5010)
(11012,7,5050,5039,5028,5017,5012)
(11013,115,5030,5041,5052,5058)
(11014,37,5007,5013,5019,5030)
(11015,91,5019,5030,5041,5052,5057)
(11016,6,5053,5042,5031,5025)
(11017,7,5053,5042,5031,5025,5024,5018)
(11018,7,5052,5041,5030,5019,5008,5003)
(11019,58,5020,5031,5042,5048)
(11020,115,5030,5041,5052)
(11021,1,5052,5041,5030,5019,5008,5002,5001)
(11022,28,5007,5018,5029,5040,5051,5057,5058)
(11023,44,5019,5030,5041)
(11024,9,5027,5038,5049)
(11025,7,5040,5029,5018,5012)
(11026,23,5005,5016,5027,5038,5044,5045,5046,5047,5048)
(11027,32,5029,5040,5051)
(11028,3,5016,5027,5038,5049,5055,5056,5057,5058,5059)
(11029,4,5031,5025,5019,5008)
(11030,8,5028,5039,5050,5056,5057,5058,5059)
(11031,7,5052,5041,5030,5024)
(11032,1,5027,5016,5005)
(11033,5,5039,5028,5017,5006,5000)
(11034,6,5017,5028,5039,5050,5056,5057,5058,5059)
(11035,2,5007,5013,5019,5030,5041,5046)
(11036,94,5028,5017,5006,5000)
(11037,1,5029,5040,5051)
(11038,39,5027,5038,5049)
(11039,29,5028,5039,5050,5056,5057,5058)
(11040,2,5007,5013,5019,5030,5041,5047,5048)
(11041,81,5019,5030,5041,5052)
(11042,98,5015,5020,5031,5042,5053,5059)
(11043,99,5015,5020,5031,5042,5053)
(11044,5,5005,5016,5027,5038,5044,5045,5046)
(11045,80,5054,5043,5032,5026,5025)
(11046,26,5051,5040,5029,5018,5013,5014)
(11047,104,5015,5020,5031,5042,5053,5059)
(11048,1,5051,5040,5029,5018,5013,5008,5003,5004)
(11049,14,5008,5019,5030)
(11050,14,5041,5030,5019,5008,5002,5001,5000)
(11051,45,5028,5017,5006,5000)
(11052,2,5029,5018,5007)
(11053,30,5028,5039,5050,5056)
(11054,1,5050,5039,5028)
(11055,2,5053,5042,5031,5025,5019,5008)
(11056,2,5039,5028,5017,5006,5001,5002)
(11057,111,5043,5032,5021,5015)
(11058,2,5027,5016,5005)
(11059,8,5052,5041,5030,5024)
(11060,1,5027,5038,5049,5055,5056,5057,5058)
(11061,7,5041,5030,5019,5008,5003,5004)
(11062,9,5030,5041,5052)
(11063,7,5032,5021,5010,5004)
(11064,60,5052,5041,5030,5024,5023,5022)
(11065,2,5027,5016,5005)
(11066,16,5028,5039,5050,5056,5057,5058)
(11067,133,5040,5029,5018,5012,5011)
(11068,15,5027,5016,5005)
(11069,34,5006,5017,5028,5039,5045)
(11070,7,5050,5039,5028,5017,5012,5013,5008,5003,5004)
(11071,73,5017,5028,5039,5050,5056,5057)
(11072,42,5028,5039,5050,5056,5057)
(11073,9,5049,5038,5027,5016,5011,5012,5013)
(11074,8,5051,5040,5029,5018,5007,5001,5000)
(11075,88,5054,5043,5032,5026,5025)
(11076,3,5020,5031,5042,5053,5058,5057,5056)
(11077,1,5031,5042,5053)
(11078,28,5052,5041,5030,5024,5018,5012,5011)
(11079,1,5040,5029,5018,5012,5011)
(11080,2,5043,5032,5021,5010,5004,5003,5002,5001)
(11081,2,5029,5018,5007,5001)
(11082,112,5029,5018,5007)
(11083,15,5008,5019,5030,5041,5046,5045)
(11084,75,5042,5031,5026,5021,5010)
(11085,5,5051,5040,5029,5018,5007)
(11086,17,5049,5038,5027,5016,5011)
(11087,1,5040,5029,5018,5007)
(11088,19,5029,5040,5051,5057,5058,5059)
(11089,14,5051,5040,5029,5018,5013,5008,5003,5004)
(11090,8,5052,5041,5030,5019,5008,5002,5001)
(11091,6,5031,5025,5019,5008,5002,5001)
(11092,7,5013,5019,5030,5041,5046)
(11093,1,5032,5043,5054)
(11094,27,5008,5019,5030,5041,5052)
(11095,9,5030,5041,5052,5058)
(11096,6,5009,5020,5031)
(11097,77,5016,5027,5038,5049,5055,5056,5057,5058,5059)
(11098,56,5042,5031,5026,5021,5010)
(11099,18,5049,5038,5027)
(11100,27,5051,5040,5029,5018,5013,5014)
(11101,2,5032,5021,5010)
(11102,83,5051,5040,5029,5018,5012,5011)
(11103,3,5041,5030,5019,5008,5003,5004)
(11104,74,5017,5028,5039)
(11105,8,5041,5030,5024,5018)
(11106,5,5043,5032,5021,5010,5004,5003,5002,5001)
(11107,1,5051,5040,5029,5018,5013,5008)
(11108,2,5053,5042,5031,5025,5024,5023)
(11109,10,5030,5041,5052)
(11110,4,5032,5021,5010,5004,5003,5002,5001,5000)
(11111,87,5028,5017,5006,5000)
(11112,3,5020,5031,5042,5053,5058,5057,5056)
(11113,1,5040,5029,5018,5013,5008,5003)
(11114,152,5030,5019,5008,5002,5001,5000)
(11115,105,5015,5020,5031,5042,5053,5058,5057,5056)
(11116,4,5017,5028,5039,5045)
(11117,46,5028,5017,5006,5000)
(11118,31,5039,5028,5017,5011)
(11119,8,5015,5020,5031,5042,5053,5059)
(11120,9,5052,5041,5030,5024,5018,5012)
(11121,22,5039,5028,5017,5006,5001)
(11122,16,5027,5016,5005)
(11123,2,5030,5041,5052)
(11124,135,5040,5029,5018,5007,5001)
(11125,7,5032,5043,5054)
(11126,4,5031,5042,5053,5059)
(11127,2,5031,5025,5019,5008,5002,5001,5000)
(11128,1,5028,5039,5050)
(11129,17,5027,5016,5005)
(11130,6,5015,5020,5031,5042,5053,5058,5057,5056,5055)
(11131,3,5040,5029,5018,5007,5001,5000)
(11132,4,5029,5018,5007,5001)
(11133,7,5029,5018,5007,5001,5000)
(11134,6,5051,5040,5029,5023)
(11135,2,5017,5028,5039)
(11136,47,5052,5041,5030,5019,5008,5003)
(11137,24,5005,5016,5027,5038,5044,5045,5046,5047)
(11138,2,5031,5025,5019,5008,5002,5001)
(11139,8,5041,5030,5019,5008,5002,5001,5000)
(11140,70,5038,5027,5016)
(11141,56,5042,5031,5025,5019,5008,5002,5001,5000)
(11142,8,5041,5030,5019,5008,5002)
(11143,128,5030,5041,5052,5058,5059)
(11144,92,5019,5030,5041,5047,5048)
(11145,1,5029,5040,5051,5057)
(11146,35,5006,5017,5028,5039,5045,5046)
(11147,6,5009,5020,5031,5042)
(11148,4,5017,5028,5039,5050)
(11149,9,5051,5040,5029,5018,5012,5011)
(11150,4,5008,5019,5030,5041,5052)
(11151,19,5049,5038,5027)
(11152,83,5028,5017,5006)
(11153,122,5030,5041,5052)
(11154,8,5015,5020,5031,5042,5053,5059)
(11155,9,5049,5038,5027)
(11156,6,5031,5042,5053)
(11157,9,5015,5020,5031,5042,5053,5058,5057)
(11158,3,5018,5029,5040,5051,5056,5055)
(11159,38,5007,5018,5029)
(11160,10,5009,5020,5031,5042,5053,5059)
(11161,4,5050,5039,5028,5023,5018,5013,5014,5015)
(11162,39,5007,5018,5029)
(11163,75,5017,5028,5039,5045,5046,5047,5048)
(11164,10,5009,5020,5031,5042,5047,5046,5045)
(11165,20,5049,5038,5027,5022,5023,5018,5013,5014,5015)
(11166,119,5029,5018,5007,5001,5000)
(11167,36,5005,5016,5027,5033,5034,5035,5036,5037)
(11168,128,5030,5041,5052,5058,5059)
(11169,5,5031,5042,5053)
(11170,5,5010,5021,5032,5043,5048)
(11171,1,5042,5031,5025,5024,5018,5012,5011)
(11172,43,5028,5039,5050)
(11173,2,5029,5018,5007,5001)
(11174,44,5027,5038,5049,5055,5056,5057,5058)
(11175,1,5032,5021,5010,5004)
(11176,9,5016,5027,5038)
(11177,89,5054,5043,5032,5021,5010,5004,5003,5002,5001,5000)
(11178,10,5030,5041,5052,5058,5059)
(11179,1,5007,5018,5029)
(11180,34,5008,5019,5030,5041,5046)
(11181,16,5008,5019,5030,5041,5052,5057,5056)
(11182,66,5038,5027,5016)
(11183,5,5043,5032,5021,5015,5014)
(11184,90,5016,5027,5038,5049,5055,5056,5057)
(11185,84,5016,5027,5038,5049,5055,5056,5057)
(11186,139,5030,5019,5008,5002)
(11187,4,5028,5017,5006,5000)
(11188,4,5006,5017,5028,5039,5045,5046,5047,5048)
(11189,10,5016,5027,5038,5044,5045,5046)
(11190,10,5049,5038,5027,5022,5023,5018,5013,5014,5015)
(11191,48,5005,5016,5027,5038,5049)
(11192,2,5029,5018,5007,5001)
(11193,13,5005,5016,5027)
(11194,7,5009,5020,5031,5042,5047,5046)
(11195,15,5041,5030,5019,5008,5002,5001,5000)
(11196,68,5020,5031,5042,5053,5059)
(11197,1,5020,5031,5042,5053,5058,5057,5056,5055)
(11198,1,5020,5031,5042,5053,5058)
(11199,1,5031,5042,5053,5059)
(11200,10,5015,5020,5031,5042,5053,5059)
(11201,2,5031,5025,5019,5008,5002)
(11202,70,5019,5030,5041,5047)
(11203,9,5028,5039,5050,5056,5057,5058)
(11204,13,5039,5028,5017,5012,5013,5008,5003)
(11205,6,5031,5042,5053,5059)
(11206,1,5007,5018,5029,5040,5051,5056)
(11207,3,5009,5020,5031,5042,5047)
(11208,111,5043,5032,5021,5015,5020,5025,5024,5018,5012,5011)
(11209,2,5005,5016,5027,5038,5049,5055,5056,5057,5058,5059)
(11210,2,5010,5021,5032,5043)
(11211,135,5040,5029,5018,5013,5008)
(11212,5,5029,5018,5007,5001,5000)
(11213,2,5031,5042,5053,5059)
(11214,28,5016,5027,5038,5044,5045,5046)
(11215,8,5041,5030,5024,5018,5012,5011)
(11216,77,5015,5020,5031,5042,5053,5059)
(11217,1,5041,5030,5024,5018,5012)
(11218,76,5017,5028,5039,5045,5046)
(11219,5,5041,5030,5019,5008,5003)
(11220,18,5053,5042,5031,5026,5021)
(11221,31,5028,5039,5050,5056,5057,5058,5059)
(11222,91,5016,5027,5038,5044,5045,5046)
(11223,1,5032,5043,5054)
(11224,61,5052,5041,5030,5024,5023,5022)
(11225,89,5028,5017,5006,5000)
(11226,90,5054,5043,5032,5021,5010,5004,5003,5002,5001,5000)
(11227,7,5050,5039,5028,5017,5012,5013,5008,5003)
(11228,13,5032,5043,5054)
(11229,17,5028,5039,5050,5056,5057)
(11230,7,5032,5021,5010,5004,5003,5002)
(11231,3,5031,5042,5053,5059)
(11232,3,5019,5030,5041,5047)
(11233,25,5049,5038,5027,5016,5005,5000,5001,5002)
(11234,1,5015,5020,5031,5042,5053)
(11235,6,5049,5038,5027,5016,5011,5012,5013,5008,5003)
(11236,4,5031,5025,5019,5008,5003)
(11237,4,5029,5040,5051,5057,5058)
(11238,28,5027,5016,5005)
(11239,57,5038,5027,5016,5011,5012,5013,5008,5003)
(11240,147,5030,5019,5008,5002,5001,5000)
(11241,6,5015,5020,5031,5042,5053,5058,5057,5056)
(11242,90,5015,5020,5031,5042,5053)
(11243,40,5007,5018,5029,5040,5045)
(11244,5,5032,5043,5054)
(11245,18,5028,5039,5050)
(11246,1,5032,5021,5010,5004,5003,5002,5001)
(11247,2,5007,5013,5019,5030,5041,5046)
(11248,4,5053,5042,5031)
(11249,9,5020,5031,5042,5048)
(11250,7,5031,5042,5053,5059)
(11251,2,5007,5018,5029,5040,5051,5057,5058)
(11252,4,5020,5031,5042,5053,5058,5057)
(11253,10,5006,5017,5028,5039,5045)
(11254,2,5005,5016,5027,5038,5044,5045)
(11255,4,5006,5017,5028,5034)
(11256,3,5018,5029,5040,5051,5057,5058)
(11257,11,5007,5018,5029,5040,5051)
(11258,3,5029,5040,5051,5057,5058,5059)
(11259,9,5052,5041,5030,5024,5018,5012,5011)
(11260,1,5017,5028,5039,5045,5046,5047)
(11261,26,5049,5038,5027,5016,5011,5012,5013,5008,5003)
(11262,6,5008,5019,5030,5041,5052,5058)
(11263,4,5051,5040,5029,5018,5013,5014)
(11264,2,5038,5027,5016,5005,5000)
(11265,116,5030,5041,5052)
(11266,1,5053,5042,5031,5025,5019,5008)
(11267,1,5031,5042,5053)
(11268,91,5054,5043,5032,5026,5025,5024,5023,5022)
(11269,123,5030,5041,5052,5058,5059)
(11270,106,5030,5041,5052,5058,5059)
(11271,1,5040,5029,5018,5007,5001)
(11272,10,5049,5038,5027,5016,5011,5012)
(11273,14,5054,5043,5032,5026,5025)
(11274,6,5004,5009,5020,5031,5042,5053,5058,5057,5056)
(11275,58,5038,5027,5016,5005,5000,5001)
(11276,3,5030,5041,5052,5058,5059)
(11277,4,5029,5040,5051,5057)
(11278,3,5031,5025,5019,5008,5002)
(11279,112,5043,5032,5021,5010,5004,5003,5002,5001,5000)
(11280,7,5031,5042,5053,5059)
(11281,4,5042,5031,5025,5019,5008,5002)
(11282,97,5054,5043,5032,5021,5010,5004)
(11283,6,5020,5031,5042,5053,5058,5057,5056,5055)
(11284,17,5008,5019,5030,5036,5037)
(11285,112,5043,5032,5021,5010,5004,5003,5002)
(11286,32,5039,5028,5017,5012,5013,5008,5003)
(11287,4,5053,5042,5031,5025,5024,5018)
(11288,4,5032,5021,5010,5004)
(11289,3,5031,5042,5053,5059)
(11290,8,5032,5021,5010)
(11291,81,5054,5043,5032,5021,5010,5004,5003,5002,5001,5000)
(11292,7,5008,5019,5030,5041,5047,5048)
(11293,57,5042,5031,5025,5024,5018,5012,5011)
(11294,5,5028,5017,5006)
(11295,136,5040,5029,5018,5007,5001)
(11296,10,5028,5039,5050,5056,5057)
(11297,4,5019,5030,5041,5052,5057)
(11298,5,5049,5038,5027,5016,5005,5000)
(11299,7,5015,5020,5031,5042,5053)
(11300,81,5019,5030,5041,5052,5058,5059)
(11301,116,5030,5019,5008,5002,5001,5000)
(11302,94,5052,5041,5030,5019,5014,5015)
(11303,25,5005,5016,5027,5033,5034,5035)
(11304,94,5028,5017,5006,5000)
(11305,26,5005,5016,5027,5038)
(11306,4,5032,5043,5054)
(11307,58,5038,5027,5016)
(11308,51,5019,5030,5041,5052,5058,5059)
(11309,59,5038,5027,5016,5011,5012,5013,5008,5003)
(11310,16,5029,5018,5007)
(11311,5,5049,5038,5027,5016,5005)
(11312,10,5052,5041,5030)
(11313,2,5053,5042,5031,5025,5024)
(11314,2,5007,5018,5029,5040,5051,5056)
(11315,152,5030,5019,5008)
(11316,148,5030,5019,5008)
(11317,20,5031,5025,5019,5008,5002,5001,5000)
(11318,6,5020,5031,5042,5048)
(11319,95,5052,5041,5030)
(11320,92,5054,5043,5032,5021,5010)
(11321,4,5004,5009,5020,5031,5042,5053,5059)
(11322,71,5038,5027,5016,5005)
(11323,9,5031,5025,5019,5008)
(11324,85,5016,5027,5038,5049,5055)
(11325,50,5052,5041,5030)
(11326,4,5051,5040,5029)
(11327,1,5020,5031,5042,5053,5058,5057,5056)
(11328,71,5019,5030,5041,5052,5058)
(11329,6,5027,5016,5005)
(11330,97,5054,5043,5032,5021,5010,5004,5003,5002)
(11331,15,5054,5043,5032,5021,5010,5004,5003)
(11332,17,5029,5018,5007)
(11333,89,5028,5017,5006,5000)
(11334,9,5041,5030,5019,5008,5003,5004)
(11335,1,5052,5041,5030,5019,5008,5002,5001)
(11336,76,5013,5019,5030,5041,5046)
(11337,1,5032,5043,5054)
(11338,10,5049,5038,5027,5016,5011,5012,5013)
(11339,19,5029,5018,5007,5001)
(11340,66,5039,5028,5017,5006,5001)
(11341,137,5040,5029,5018,5007)
(11342,22,5029,5040,5051,5057,5058,5059)
(11343,1,5020,5031,5042,5048)
(11344,14,5005,5016,5027,5038,5044)
(11345,36,5006,5017,5028,5034)
(11346,10,5049,5038,5027,5016,5011)
(11347,7,5031,5025,5019,5008,5002,5001,5000)
(11348,4,5032,5021,5010,5004,5003,5002)
(11349,51,5052,5041,5030,5024,5018,5012,5011)
(11350,4,5019,5030,5041,5052,5057,5056)
(11351,49,5005,5016,5027,5038,5049,5055,5056)
(11352,92,5054,5043,5032,5021,5010,5004)
(11353,92,5015,5020,5031,5042,5053,5058,5057)
(11354,52,5052,5041,5030,5019)
(11355,35,5008,5019,5030,5036)
(11356,46,5006,5017,5028,5039)
(11357,6,5051,5040,5029,5018,5007,5001,5000)
(11358,47,5006,5017,5028,5034,5035,5036)
(11359,62,5038,5027,5016,5005,5000,5001)
(11360,121,5029,5018,5007)
(11361,62,5019,5030,5041,5052)
(11362,123,5043,5032,5021,5010,5004,5003)
(11363,80,5027,5038,5049,5055,5056,5057)
(11364,1,5017,5028,5039,5045,5046,5047)
(11365,4,5040,5029,5018,5007)
(11366,41,5007,5018,5029,5040,5051)
(11367,67,5039,5028,5017)
(11368,6,5010,5021,5032,5043,5048,5047,5046)
(11369,3,5032,5021,5010,5004,5003,5002)
(11370,116,5030,5041,5052)
(11371,2,5054,5043,5032,5021,5010,5004,5003,5002,5001,5000)
(11372,92,5019,5030,5041,5047,5048)
(11373,5,5041,5030,5019,5008,5002,5001)
(11374,67,5039,5028,5017,5011)
(11375,59,5038,5027,5016)
(11376,6,5032,5043,5054)
(11377,5,5039,5028,5017,5012,5013,5008,5003,5004)
(11378,58,5019,5030,5041,5052,5058)
(11379,42,5007,5018,5029)
(11380,4,5040,5029,5018,5012)
(11381,10,5013,5019,5030,5041,5046)
(11382,71,5019,5030,5041,5052,5057)
(11383,5,5007,5013,5019,5030,5036,5037)
(11384,1,5032,5043,5054)
(11385,3,5021,5032,5043)
(11386,124,5043,5032,5021,5010,5004,5003,5002)
(11387,5,5049,5038,5027)
(11388,5,5050,5039,5028,5017)
(11389,3,5032,5021,5010,5004,5003)
(11390,36,5008,5019,5030,5041,5046)
(11391,4,5018,5029,5040,5051,5056)
(11392,8,5032,5021,5010,5004,5003,5002,5001)
(11393,9,5017,5028,5039,5050,5056)
(11394,2,5005,5016,5027,5038,5044,5045,5046,5047)
(11395,5,5029,5040,5051,5057,5058,5059)
(11396,47,5027,5038,5049)
(11397,3,5013,5019,5030,5041)
(11398,51,5027,5038,5049,5055,5056,5057,5058)
(11399,10,5009,5020,5031,5042,5053,5058,5057)
(11400,2,5017,5028,5039,5045,5046,5047,5048)
(11401,71,5042,5031,5025,5024,5018)
(11402,1,5020,5031,5042,5053,5058,5057,5056,5055)
(11403,4,5018,5029,5040,5051,5057,5058)
(11404,44,5006,5017,5028,5039,5050,5055)
(11405,6,5038,5027,5016,5011,5012,5013,5008,5003,5004)
(11406,2,5054,5043,5032,5021,5015,5014)
(11407,37,5008,5019,5030,5041)
(11408,14,5039,5028,5017,5012,5013,5008,5003)
(11409,6,5050,5039,5028,5017,5012,5013,5014)
(11410,7,5054,5043,5032,5026,5025,5024)
(11411,3,5027,5016,5005)
(11412,3,5041,5030,5019,5008,5003,5004)
(11413,12,5053,5042,5031,5025,5024,5023,5022)
(11414,5,5039,5028,5017,5006,5001)
(11415,130,5043,5032,5021,5010,5004)
(11416,1,5029,5040,5051,5057,5058)
(11417,2,5009,5020,5031,5042,5053,5058,5057)
(11418,4,5051,5040,5029,5018,5012,5011)
(11419,4,5050,5039,5028,5017,5012,5013,5008,5003)
(11420,78,5016,5027,5038)
(11421,23,5006,5017,5028,5039)
(11422,2,5041,5030,5019,5008,5002,5001,5000)
(11423,4,5010,5021,5032,5043,5048)
(11424,96,5027,5038,5049,5055,5056,5057,5058,5059)
(11425,34,5039,5028,5017,5011)
(11426,23,5039,5028,5017)
(11427,148,5030,5019,5008,5002)
(11428,4,5013,5019,5030,5041)
(11429,21,5031,5025,5019,5008,5002)
(11430,3,5027,5016,5005)
(11431,113,5043,5032,5021,5010)
(11432,5,5006,5017,5028,5039,5050,5055)
(11433,5,5040,5029,5018,5012,5011)
(11434,1,5032,5043,5054)
(11435,18,5008,5019,5030)
(11436,1,5018,5029,5040,5051,5056,5055)
(11437,5,5032,5021,5010)
(11438,37,5005,5016,5027,5038,5044,5045,5046)
(11439,3,5007,5018,5029)
(11440,2,5032,5043,5054)
(11441,5,5005,5016,5027,5038)
(11442,4,5021,5032,5043)
(11443,2,5031,5042,5053,5059)
(11444,2,5042,5031,5025,5019,5008,5002,5001)
(11445,95,5028,5017,5006)
(11446,24,5006,5017,5028,5039,5050)
(11447,11,5013,5019,5030,5041)
(11448,27,5005,5016,5027,5038,5049,5055,5056,5057,5058)
(11449,7,5031,5025,5019,5008,5002,5001,5000)
(11450,82,5054,5043,5032,5021,5010,5004,5003,5002,5001,5000)
(11451,4,5040,5029,5018,5013,5008,5003)
(11452,68,5039,5028,5017,5012,5013,5008,5003)
(11453,6,5027,5016,5005)
(11454,14,5032,5043,5054)
(11455,10,5027,5038,5049,5055,5056,5057,5058)
(11456,3,5029,5018,5007,5001,5000)
(11457,63,5019,5030,5041)
(11458,4,5042,5031,5025,5024,5018,5012,5011)
(11459,71,5042,5031,5025,5019)
(11460,4,5027,5038,5049,5055,5056)
(11461,2,5041,5030,5019,5008,5002,5001)
(11462,63,5038,5027,5016,5005,5000,5001,5002)
(11463,5,5029,5018,5007,5001)
(11464,53,5028,5039,5050)
(11465,100,5052,5041,5030,5024,5018)
(11466,2,5027,5016,5005)
(11467,66,5038,5027,5016,5005,5000,5001,5002)
(11468,64,5019,5030,5041,5047)
(11469,27,5049,5038,5027,5016,5011)
(11470,4,5020,5031,5042,5053,5058,5057,5056,5055)
(11471,19,5008,5019,5030,5041,5052,5057,5056,5055)
(11472,90,5013,5019,5030,5041)
(11473,5,5041,5030,5019,5008,5002,5001)
(11474,63,5052,5041,5030,5024,5023,5022)
(11475,43,5007,5013,5019,5030)
(11476,13,5031,5025,5019,5008)
(11477,28,5049,5038,5027,5016)
(11478,7,5004,5009,5020,5031,5042,5053,5059)
(11479,1,5021,5032,5043)
(11480,144,5030,5019,5008,5002,5001)
(11481,54,5028,5039,5050,5056,5057)
(11482,3,5009,5020,5031,5042,5053,5059)
(11483,6,5051,5040,5029,5018,5007,5001,5000)
(11484,106,5015,5020,5031,5042,5053,5058,5057,5056)
(11485,35,5039,5028,5017,5006,5000)
(11486,2,5038,5027,5016)
(11487,44,5028,5039,5050,5056,5057)
(11488,7,5009,5020,5031,5042,5047)
(11489,12,5013,5019,5030,5041,5046)
(11490,113,5043,5032,5021,5015,5020,5025,5024,5018,5012)
(11491,1,5009,5020,5031,5042,5053,5058,5057)
(11492,1,5032,5021,5010,5004)
(11493,3,5009,5020,5031,5036,5041,5046,5045,5044)
(11494,48,5006,5017,5028)
(11495,67,5052,5041,5030,5019,5014,5015)
(11496,4,5027,5016,5005)
(11497,4,5008,5019,5030,5036)
(11498,3,5015,5020,5031,5042,5053,5058,5057,5056)
(11499,32,5028,5039,5050,5056,5057,5058,5059)
(11500,55,5028,5039,5050,5056,5057,5058,5059)
(11501,98,5016,5027,5038)
(11502,4,5009,5020,5031,5036,5041,5046,5045,5044)
(11503,93,5015,5020,5031,5042,5053,5059)
(11504,10,5009,5020,5031,5036,5041,5046,5045,5044)
(11505,4,5032,5021,5010,5004)
(11506,6,5021,5032,5043)
(11507,11,5027,5016,5005)
(11508,5,5041,5030,5019,5008,5002,5001,5000)
(11509,3,5029,5018,5007)
(11510,11,5006,5017,5028,5039,5050,5056,5057)
(11511,39,5016,5027,5038,5049,5055,5056)
(11512,10,5051,5040,5029,5018,5007)
(11513,1,5032,5043,5054)
(11514,22,5031,5025,5019,5008,5002,5001,5000)
(11515,102,5027,5038,5049)
(11516,7,5032,5021,5010,5004)
(11517,6,5050,5039,5028,5017,5012,5013,5008,5003)
(11518,144,5030,5019,5008,5002,5001)
(11519,45,5028,5039,5050,5056,5057,5058,5059)
(11520,18,5027,5038,5049,5055,5056,5057,5058,5059)
(11521,12,5006,5017,5028,5039,5050)
(11522,11,5007,5013,5019,5030,5036,5037)
(11523,48,5028,5017,5006,5000)
(11524,1,5041,5030,5019,5008,5002,5001)
(11525,15,5032,5043,5054)
(11526,20,5008,5019,5030,5041,5047)
(11527,29,5007,5018,5029,5040,5045,5044)
(11528,18,5027,5016,5005)
(11529,2,5018,5029,5040,5051,5057,5058,5059)
(11530,4,5041,5030,5019,5008,5002,5001)
(11531,1,5028,5039,5050)
(11532,2,5031,5042,5053)
(11533,93,5054,5043,5032,5026,5025)
(11534,83,5054,5043,5032,5021,5015)
(11535,9,5031,5025,5019,5008,5003)
(11536,5,5031,5025,5019,5008,5002,5001,5000)
(11537,44,5007,5013,5019,5030,5041,5046)
(11538,5,5019,5030,5041,5052,5058,5059)
(11539,8,5040,5029,5018,5007,5001)
(11540,40,5016,5027,5038,5049,5055,5056,5057)
(11541,12,5007,5018,5029)
(11542,128,5043,5032,5021,5010)
(11543,18,5032,5043,5054)
(11544,4,5050,5039,5028)
(11545,7,5017,5028,5039,5045,5046,5047)
(11546,131,5043,5032,5021,5010,5004,5003,5002)
(11547,2,5050,5039,5028,5017,5012,5013,5008,5003)
(11548,2,5008,5019,5030)
(11549,2,5040,5029,5018,5007,5001)
(11550,4,5041,5030,5019)
(11551,7,5032,5021,5010,5004,5003)
(11552,1,5010,5021,5032,5043,5048,5047,5046)
(11553,54,5028,5017,5006)
(11554,1,5032,5021,5010,5004,5003,5002,5001,5000)
(11555,25,5006,5017,5028,5039,5050)
(11556,93,5054,5043,5032,5021,5015)
(11557,6,5049,5038,5027,5016,5005,5000)
(11558,4,5053,5042,5031,5025,5019,5008)
(11559,4,5017,5028,5039,5050)
(11560,7,5051,5040,5029,5023,5022)
(11561,9,5020,5031,5042,5053,5058,5057,5056)
(11562,55,5027,5038,5049,5055,5056)
(11563,24,5039,5028,5017)
(11564,19,5053,5042,5031)
(11565,1,5029,5040,5051,5057,5058)
(11566,29,5027,5016,5005)
(11567,13,5006,5017,5028,5039,5050,5056)
(11568,28,5008,5019,5030,5036)
(11569,16,5054,5043,5032)
(11570,7,5050,5039,5028,5017,5006)
(11571,4,5020,5031,5042,5048)
(11572,7,5031,5025,5019,5008,5003)
(11573,5,5028,5017,5006,5000)
(11574,29,5008,5019,5030,5041,5052,5058,5059)
(11575,79,5052,5041,5030,5019)
(11576,5,5019,5030,5041,5052,5057)
(11577,2,5051,5040,5029,5018,5013)
(11578,7,5054,5043,5032)
(11579,92,5016,5027,5038,5044,5045,5046,5047,5048)
(11580,1,5041,5030,5019,5008,5003,5004)
(11581,2,5028,5039,5050,5056)
(11582,3,5016,5027,5038,5049,5055,5056)
(11583,88,5027,5038,5049,5055,5056,5057,5058)
(11584,153,5030,5019,5008,5002,5001)
(11585,98,5054,5043,5032,5021,5015,5020,5025,5024,5018,5012,5011)
(11586,19,5028,5039,5050)
(11587,55,5052,5041,5030)
(11588,153,5030,5019,5008)
(11589,5,5043,5032,5021,5015,5020,5025,5024,5018,5012)
(11590,38,5005,5016,5027,5038,5044,5045,5046,5047)
(11591,22,5032,5043,5054)
(11592,125,5040,5029,5018,5013,5008,5003)
(11593,4,5032,5021,5010)
(11594,3,5053,5042,5031,5025,5024,5018)
(11595,20,5029,5018,5007,5001)
(11596,59,5016,5027,5038)
(11597,122,5029,5018,5007,5001)
(11598,1,5041,5030,5019,5008,5002,5001)
(11599,5,5041,5030,5019,5008,5002,5001,5000)
(11600,124,5043,5032,5021,5015)
(11601,4,5040,5029,5018,5013,5008)
(11602,3,5010,5021,5032)
(11603,2,5041,5030,5019,5008,5002)
(11604,1,5041,5030,5019,5008,5002)
(11605,2,5028,5039,5050,5056,5057,5058)
(11606,5,5005,5016,5027,5038)
(11607,7,5017,5028,5039,5045,5046)
(11608,25,5039,5028,5017,5011)
(11609,13,5007,5013,5019,5030,5036,5037)
(11610,1,5013,5019,5030,5041)
(11611,88,5027,5038,5049,5055)
(11612,49,5006,5017,5028,5039)
(11613,14,5006,5017,5028,5039,5044)
(11614,50,5005,5016,5027,5033,5034)
(11615,33,5028,5017,5006)
(11616,82,5019,5030,5041,5052,5057,5056,5055)
(11617,3,5031,5042,5053)
(11618,6,5032,5021,5010,5004,5003)
(11619,3,5028,5039,5050)
(11620,20,5028,5039,5050)
(11621,3,5005,5016,5027,5033,5034)
(11622,3,5028,5039,5050,5056,5057)
(11623,10,5052,5041,5030,5019,5008,5002)
(11624,149,5030,5019,5008,5002,5001)
(11625,7,5050,5039,5028,5017,5012,5013,5014)
(11626,1,5017,5028,5039,5050)
(11627,114,5043,5032,5021,5010,5004,5003,5002)
(11628,91,5013,5019,5030,5041,5047,5048)
(11629,8,5054,5043,5032,5026,5025,5024,5023,5022)
(11630,32,5029,5040,5051,5057,5058)
(11631,90,5028,5017,5006)
(11632,4,5027,5038,5049,5055,5056,5057)
(11633,3,5041,5030,5019)
(11634,1,5017,5028,5039,5050,5056)
(11635,106,5030,5041,5052,5058)
(11636,5,5031,5025,5019,5008)
(11637,5,5008,5019,5030,5041,5046,5045)
(11638,5,5020,5031,5042,5053,5058,5057,5056,5055)
(11639,39,5005,5016,5027,5033)
(11640,71,5038,5027,5016,5005,5000)
(11641,86,5051,5040,5029,5018,5007,5001)
(11642,107,5030,5041,5052,5058,5059)
(11643,107,5030,5041,5052,5058)
(11644,75,5019,5030,5041,5052,5057)
(11645,59,5019,5030,5041,5052,5057,5056,5055)
(11646,8,5031,5025,5019,5008,5002,5001,5000)
(11647,3,5029,5018,5007)
(11648,6,5042,5031,5025,5019,5008,5002,5001,5000)
(11649,9,5020,5031,5042,5053,5059)
(11650,15,5039,5028,5017,5011)
(11651,70,5016,5027,5038,5049,5055,5056,5057,5058,5059)
(11652,14,5013,5019,5030,5041)
(11653,126,5040,5029,5018,5007,5001,5000)
(11654,7,5015,5020,5031,5042,5053,5058)
(11655,14,5007,5013,5019,5030,5036)
(11656,5,5041,5030,5019,5008,5002,5001)
(11657,6,5010,5021,5032,5043,5048,5047,5046)
(11658,15,5007,5018,5029,5040,5051,5056)
(11659,1,5010,5021,5032)
(11660,1,5013,5019,5030,5041)
(11661,24,5027,5038,5049,5055,5056)
(11662,67,5038,5027,5016,5005,5000,5001)
(11663,1,5018,5029,5040,5051,5057,5058,5059)
(11664,4,5027,5016,5005)
(11665,6,5005,5016,5027)
(11666,3,5029,5018,5007)
(11667,117,5030,5041,5052,5058)
(11668,5,5006,5017,5028,5039,5050)
(11669,1,5017,5028,5039,5050,5056)
(11670,8,5040,5029,5018,5013,5008,5003)
(11671,50,5006,5017,5028,5039,5050,5056,5057,5058)
(11672,31,5042,5031,5026,5021,5010)
(11673,1,5020,5031,5042,5053,5058,5057,5056,5055)
(11674,3,5053,5042,5031,5025,5024,5023)
(11675,38,5008,5019,5030,5041,5046,5045)
(11676,5,5029,5040,5051,5057,5058,5059)
(11677,4,5027,5038,5049,5055)
(11678,26,5039,5028,5017,5012,5013,5008,5003)
(11679,6,5049,5038,5027,5016,5011)
(11680,94,5054,5043,5032,5026,5025,5024,5023)
(11681,17,5054,5043,5032,5026)
(11682,140,5030,5019,5008,5002)
(11683,94,5015,5020,5031,5042,5053)
(11684,87,5051,5040,5029,5018,5012)
(11685,71,5016,5027,5038,5044,5045)
(11686,26,5006,5017,5028,5039,5045,5046,5047)
(11687,30,5008,5019,5030)
(11688,3,5015,5020,5031,5042,5053,5058,5057,5056)
(11689,9,5032,5021,5010)
(11690,20,5013,5019,5030,5041)
(11691,28,5005,5016,5027,5038,5044,5045,5046,5047)
(11692,6,5041,5030,5019,5008,5002)
(11693,1,5018,5029,5040,5051,5056,5055)
(11694,123,5029,5018,5007,5001,5000)
(11695,4,5042,5031,5025,5019,5008,5002,5001,5000)
(11696,2,5020,5031,5042,5053,5058,5057,5056,5055)
(11697,71,5016,5027,5038)
(11698,49,5028,5017,5006,5000)
(11699,5,5039,5028,5017,5012,5013,5008,5003,5004)
(11700,5,5029,5040,5051,5057,5058,5059)
(11701,39,5008,5019,5030,5036)
(11702,59,5028,5017,5006,5000)
(11703,7,5017,5028,5039,5045)
(11704,83,5054,5043,5032,5021,5015,5020,5025,5024,5018,5012)
(11705,5,5053,5042,5031,5025,5019,5008,5003)
(11706,5,5029,5018,5007,5001)
(11707,78,5015,5020,5031,5042,5053,5058,5057)
(11708,3,5053,5042,5031,5025,5019,5008,5003)
(11709,3,5039,5028,5017,5012,5013,5008,5003,5004)
(11710,30,5007,5018,5029,5040,5051,5056,5055)
(11711,84,5052,5041,5030,5024,5018,5012,5011)
(11712,47,5029,5040,5051,5057)
(11713,85,5052,5041,5030,5024,5018)
(11714,60,5028,5017,5006,5000)
(11715,48,5029,5040,5051,5057,5058)
(11716,5,5013,5019,5030,5041)
(11717,29,5049,5038,5027,5016,5011)
(11718,7,5032,5043,5054)
(11719,68,5039,5028,5017,5006,5000)
(11720,6,5019,5030,5041,5052,5058)
(11721,2,5052,5041,5030,5019,5014)
(11722,34,5042,5031,5025,5019)
(11723,3,5029,5018,5007,5001,5000)
(11724,30,5049,5038,5027,5016,5005,5000,5001)
(11725,21,5028,5039,5050,5056,5057,5058)
(11726,31,5049,5038,5027,5016,5011,5012)
(11727,67,5038,5027,5016,5005,5000,5001,5002)
(11728,1,5041,5030,5019)
(11729,22,5028,5039,5050,5056)
(11730,3,5030,5041,5052)
(11731,5,5029,5018,5007,5001,5000)
(11732,5,5018,5029,5040,5051,5057)
(11733,95,5015,5020,5031,5042,5053,5058)
(11734,2,5008,5019,5030,5041,5046,5045,5044)
(11735,15,5051,5040,5029,5018,5013,5014)
(11736,7,5053,5042,5031,5025,5024,5018,5012,5011)
(11737,141,5030,5019,5008,5002)
(11738,79,5015,5020,5031,5042,5053)
(11739,3,5032,5043,5054)
(11740,11,5052,5041,5030,5024,5023)
(11741,9,5020,5031,5042,5053,5058)
(11742,2,5042,5031,5025,5019,5008,5002)
(11743,128,5043,5032,5021)
(11744,7,5009,5020,5031,5042,5053,5058)
(11745,27,5013,5019,5030,5041,5046)
(11746,3,5029,5040,5051,5057,5058)
(11747,32,5049,5038,5027,5022,5023,5018,5013,5014,5015)
(11748,1,5027,5038,5049,5055,5056)
(11749,4,5050,5039,5028,5023,5018,5013,5014,5015)
(11750,3,5049,5038,5027,5016,5011)
(11751,2,5027,5016,5005)
(11752,12,5052,5041,5030)
(11753,5,5031,5025,5019,5008,5003)
(11754,103,5030,5041,5052,5058,5059)
(11755,19,5027,5016,5005)
(11756,8,5040,5029,5018,5007,5001)
(11757,75,5042,5031,5025,5019)
(11758,15,5005,5016,5027,5038,5049,5055)
(11759,87,5052,5041,5030,5024)
(11760,9,5031,5042,5053,5059)
(11761,8,5040,5029,5018,5012)
(11762,3,5015,5020,5031,5042,5053,5058,5057,5056,5055)
(11763,16,5039,5028,5017,5006,5001,5002)
(11764,114,5043,5032,5021,5015,5020,5025,5024,5018,5012,5011)
(11765,5,5009,5020,5031,5042,5047,5046)
(11766,4,5027,5016,5005)
(11767,9,5020,5031,5042)
(11768,5,5004,5009,5020,5031,5042,5053,5058,5057,5056,5055)
(11769,107,5015,5020,5031,5042,5053)
(11770,21,5049,5038,5027,5016,5005,5000,5001,5002)
(11771,5,5010,5021,5032,5043,5048,5047)
(11772,60,5038,5027,5016,5005)
(11773,3,5039,5028,5017,5012,5013,5008,5003)
(11774,1,5029,5018,5007)
(11775,59,5019,5030,5041,5047)
(11776,16,5051,5040,5029,5018,5013,5014)
(11777,1,5053,5042,5031,5025,5024)
(11778,5,5020,5031,5042)
(11779,1,5015,5020,5031,5042,5053,5058,5057,5056)
(11780,45,5007,5018,5029,5040,5051,5057,5058)
(11781,5,5053,5042,5031,5025,5024,5018)
(11782,88,5052,5041,5030,5019,5014,5015)
(11783,17,5039,5028,5017,5006,5000)
(11784,3,5032,5043,5054)
(11785,10,5020,5031,5042,5053,5058,5057)
(11786,21,5029,5018,5007,5001)
(11787,1,5050,5039,5028,5023,5018,5013,5014,5015)
(11788,3,5029,5040,5051,5057)
(11789,6,5042,5031,5025,5019,5008,5002,5001,5000)
(11790,7,5049,5038,5027,5016,5011)
(11791,5,5042,5031,5025,5024,5018,5012)
(11792,2,5008,5019,5030,5036,5037)
(11793,10,5031,5025,5019,5008,5002,5001)
(11794,5,5010,5021,5032,5037,5036,5041,5046,5045,5044)
(11795,6,5032,5043,5054)
(11796,8,5031,5025,5019,5008,5002,5001,5000)
(11797,21,5008,5019,5030,5041,5052,5058,5059)
(11798,17,5051,5040,5029,5018,5013)
(11799,6,5032,5021,5010,5004,5003,5002,5001)
(11800,7,5009,5020,5031,5042)
(11801,129,5043,5032,5021,5015,5020,5025,5024,5018)
(11802,16,5041,5030,5019,5008,5003)
(11803,131,5043,5032,5021,5010,5004,5003,5002,5001,5000)
(11804,5,5031,5042,5053,5059)
(11805,6,5041,5030,5019,5008)
(11806,2,5042,5031,5025,5019,5008,5002)
(11807,5,5029,5040,5051,5057)
(11808,2,5051,5040,5029,5018)
(11809,5,5050,5039,5028,5017,5012,5013)
(11810,90,5028,5017,5006)
(11811,3,5031,5042,5053,5059)
(11812,80,5020,5031,5042,5053,5059)
(11813,6,5050,5039,5028,5017,5006,5001)
(11814,89,5052,5041,5030,5019,5008,5002,5001)
(11815,85,5020,5031,5042)
(11816,8,5029,5018,5007)
(11817,3,5031,5025,5019,5008,5002,5001,5000)
(11818,129,5043,5032,5021,5010,5004,5003)
(11819,5,5007,5018,5029,5040,5051,5057,5058,5059)
(11820,92,5027,5038,5049,5055,5056,5057,5058,5059)
(11821,7,5004,5009,5020,5031,5042,5053,5058)
(11822,27,5032,5043,5054)
(11823,82,5019,5030,5041,5047,5048)
(11824,7,5005,5016,5027,5038,5049,5055)
(11825,3,5032,5043,5054)
(11826,30,5027,5016,5005)
(11827,6,5006,5017,5028,5039)
(11828,4,5027,5038,5049,5055,5056,5057,5058)
(11829,154,5030,5019,5008)
(11830,7,5051,5040,5029,5018,5013,5008,5003)
(11831,2,5042,5031,5025,5019,5008,5002,5001)
(11832,8,5005,5016,5027,5038,5049,5055,5056,5057)
(11833,3,5053,5042,5031,5025)
(11834,13,5052,5041,5030,5019)
(11835,91,5028,5017,5006,5000)
(11836,3,5029,5040,5051,5057,5058)
(11837,1,5029,5018,5007,5001,5000)
(11838,10,5031,5025,5019,5008,5002,5001,5000)
(11839,31,5027,5016,5005)
(11840,4,5015,5020,5031,5042,5053,5058,5057,5056,5055)
(11841,60,5038,5027,5016,5005)
(11842,23,5028,5039,5050)
(11843,16,5005,5016,5027,5038,5049,5055,5056)
(11844,5,5050,5039,5028,5017,5006,5000)
(11845,119,5043,5032,5021,5010,5004,5003)
(11846,36,5028,5017,5006)
(11847,2,5027,5038,5049,5055,5056,5057,5058)
(11848,70,5039,5028,5017,5012,5013,5008,5003)
(11849,5,5009,5020,5031,5042,5047)
(11850,8,5032,5043,5054)
(11851,51,5041,5030,5024,5018)
(11852,86,5016,5027,5038,5049,5055,5056,5057,5058)
(11853,44,5042,5031,5025,5019,5008,5003)
(11854,37,5006,5017,5028,5039)
(11855,9,5029,5018,5007,5001,5000)
(11856,140,5040,5029,5018,5007)
(11857,11,5009,5020,5031,5042,5053,5058)
(11858,92,5027,5038,5049,5055,5056)
(11859,117,5030,5019,5008,5002)
(11860,3,5005,5016,5027,5033,5034)
(11861,6,5040,5029,5018,5012,5011)
(11862,31,5007,5018,5029)
(11863,3,5039,5028,5017,5012,5013,5008,5003,5004)
(11864,6,5038,5027,5016)
(11865,34,5032,5043,5054)
(11866,4,5018,5029,5040,5051,5057,5058)
(11867,124,5029,5018,5007,5001)
(11868,7,5038,5027,5016)
(11869,72,5016,5027,5038,5049)
(11870,123,5030,5041,5052,5058,5059)
(11871,124,5029,5018,5007,5001,5000)
(11872,107,5015,5020,5031,5042,5053,5059)
(11873,16,5007,5018,5029,5040,5051,5057,5058)
(11874,80,5015,5020,5031,5042,5053,5058)
(11875,2,5040,5029,5018,5007,5001)
(11876,32,5007,5013,5019,5030,5041,5046)
(11877,90,5052,5041,5030,5019,5014,5015)
(11878,101,5052,5041,5030,5019,5014)
(11879,91,5013,5019,5030,5041)
(11880,34,5029,5040,5051,5057,5058)
(11881,6,5039,5028,5017,5012,5013,5008,5003)
(11882,4,5018,5029,5040,5051)
(11883,9,5005,5016,5027,5038,5049,5055)
(11884,4,5016,5027,5038,5044)
(11885,2,5018,5029,5040,5051,5057,5058,5059)
(11886,2,5017,5028,5039,5045,5046,5047)
(11887,1,5029,5040,5051,5057,5058)
(11888,6,5020,5031,5042)
(11889,99,5054,5043,5032,5021,5015,5020,5025,5024,5018,5012)
(11890,3,5038,5027,5016,5005,5000)
(11891,6,5041,5030,5019,5008,5003,5004)
(11892,68,5052,5041,5030,5019)
(11893,1,5017,5028,5039,5045,5046,5047)
(11894,4,5028,5039,5050,5056,5057,5058)
(11895,40,5039,5028,5017,5006)
(11896,17,5005,5016,5027,5033,5034)
(11897,23,5031,5025,5019,5008,5003)
(11898,4,5051,5040,5029,5018,5013)
(11899,129,5030,5041,5052,5058)
(11900,72,5052,5041,5030,5024,5018,5012)
(11901,6,5007,5013,5019,5030,5041,5047,5048)
(11902,2,5052,5041,5030)
(11903,2,5051,5040,5029,5018,5013)
(11904,18,5039,5028,5017,5012,5013,5008,5003)
(11905,4,5017,5028,5039,5050,5055)
(11906,6,5043,5032,5021)
(11907,5,5031,5042,5053,5059)
(11908,4,5015,5020,5031,5042,5053,5058,5057,5056,5055)
(11909,77,5017,5028,5039,5050,5055)
(11910,5,5029,5040,5051)
(11911,24,5028,5039,5050,5056,5057)
(11912,141,5030,5019,5008,5002,5001)
(11913,11,5009,5020,5031,5042,5053,5058,5057)
(11914,5,5040,5029,5018)
(11915,2,5051,5040,5029,5018,5012)
(11916,5,5027,5038,5049)
(11917,117,5030,5041,5052,5058,5059)
(11918,16,5007,5018,5029,5040,5051,5057)
(11919,10,5005,5016,5027,5038,5049,5055)
(11920,3,5027,5016,5005)
(11921,3,5032,5043,5054)
(11922,3,5007,5018,5029,5040,5051,5056,5055)
(11923,2,5004,5009,5020,5031,5042,5053,5058)
(11924,2,5040,5029,5018,5007,5001,5000)
(11925,99,5054,5043,5032,5021,5015,5020,5025,5024,5018)
(11926,11,5049,5038,5027,5016,5005,5000)
(11927,6,5006,5017,5028,5039,5045,5046)
(11928,75,5019,5030,5041)
(11929,3,5031,5042,5053,5059)
(11930,124,5030,5041,5052,5058)
(11931,3,5052,5041,5030,5024,5018,5012,5011)
(11932,27,5039,5028,5017)
(11933,6,5010,5021,5032,5043,5048,5047)
(11934,3,5032,5043,5054)
(11935,4,5030,5041,5052,5058)
(11936,40,5008,5019,5030,5041,5052,5058)
(11937,8,5008,5019,5030)
(11938,7,5019,5030,5041,5052,5057)
(11939,41,5008,5019,5030,5041,5052,5058)
(11940,8,5031,5025,5019,5008)
(11941,8,5032,5043,5054)
(11942,6,5029,5040,5051,5057)
(11943,1,5050,5039,5028)
(11944,22,5029,5018,5007,5001)
(11945,6,5018,5029,5040,5051,5057,5058,5059)
(11946,95,5028,5017,5006)
(11947,103,5030,5041,5052,5058)
(11948,119,5043,5032,5021,5010)
(11949,118,5030,5019,5008,5002,5001,5000)
(11950,141,5040,5029,5018)
(11951,5,5050,5039,5028,5017,5012)
(11952,5,5009,5020,5031,5042,5047)
(11953,74,5052,5041,5030,5019,5008,5002,5001)
(11954,14,5031,5025,5019,5008,5002)
(11955,115,5043,5032,5021,5010,5004,5003,5002)
(11956,1,5032,5043,5054)
(11957,8,5004,5009,5020,5031,5042,5053)
(11958,7,5017,5028,5039,5045)
(11959,4,5030,5041,5052,5058,5059)
(11960,88,5051,5040,5029)
(11961,1,5050,5039,5028,5017,5011)
(11962,78,5017,5028,5039,5050,5056,5057,5058,5059)
(11963,60,5019,5030,5041,5047)
(11964,99,5016,5027,5038,5049,5055,5056)
(11965,81,5015,5020,5031,5042,5053,5058,5057,5056,5055)
(11966,71,5039,5028,5017,5006,5001)
(11967,10,5031,5042,5053)
(11968,10,5031,5042,5053)
(11969,4,5021,5032,5043)
(11970,22,5029,5018,5007,5001,5000)
(11971,154,5030,5019,5008)
(11972,22,5008,5019,5030,5036)
(11973,4,5027,5016,5005)
(11974,24,5031,5025,5019,5008)
(11975,72,5042,5031,5025,5024,5018,5012)
(11976,125,5043,5032,5021,5015,5020,5025,5024,5018)
(11977,5,5027,5038,5049,5055,5056,5057,5058)
(11978,61,5038,5027,5016,5005,5000,5001,5002)
(11979,2,5017,5028,5039,5050,5056)
(11980,42,5008,5019,5030,5041,5052,5058,5059)
(11981,8,5050,5039,5028,5017,5006,5001,5002)
(11982,11,5028,5039,5050,5056)
(11983,142,5040,5029,5018,5012,5011)
(11984,18,5054,5043,5032,5021,5010,5004,5003,5002,5001,5000)
(11985,5,5009,5020,5031)
(11986,7,5049,5038,5027,5016,5005,5000,5001,5002)
(11987,3,5031,5025,5019,5008)
(11988,27,5006,5017,5028,5039,5045,5046)
(11989,46,5028,5039,5050,5056,5057,5058)
(11990,127,5040,5029,5018,5007,5001,5000)
(11991,4,5018,5029,5040,5051,5057,5058)
(11992,1,5032,5021,5010)
(11993,1,5050,5039,5028,5017)
(11994,3,5052,5041,5030,5019,5008,5002,5001,5000)
(11995,76,5042,5031,5025,5019,5008,5002,5001,5000)
(11996,38,5006,5017,5028,5039,5045,5046,5047,5048)
(11997,3,5049,5038,5027,5016,5005,5000,5001)
(11998,96,5015,5020,5031,5042,5053,5058,5057)
(11999,8,5053,5042,5031,5025,5019,5008,5002,5001,5000)
(12000,1,5050,5039,5028,5017,5012,5013,5008,5003)
(12001,1,5015,5020,5031,5042,5053,5058,5057,5056)
(12002,20,5027,5016,5005)
(12003,2,5020,5031,5042,5053,5059)
(12004,39,5006,5017,5028,5039,5045,5046,5047)
(12005,3,5007,5018,5029,5040,5051,5057,5058,5059)
(12006,1,5015,5020,5031,5042,5053,5059)
(12007,33,5028,5039,5050,5056,5057,5058,5059)
(12008,2,5029,5040,5051,5057)
(12009,84,5028,5017,5006)
(12010,5,5016,5027,5038,5044)
(12011,2,5004,5009,5020,5031,5042,5053,5058,5057)
(12012,47,5028,5039,5050,5056,5057)
(12013,3,5051,5040,5029,5018,5013,5014)
(12014,46,5007,5013,5019,5030)
(12015,9,5041,5030,5019,5008,5002,5001,5000)
(12016,32,5027,5016,5005)
(12017,5,5020,5031,5042,5053)
(12018,92,5051,5040,5029,5018,5013,5008)
(12019,60,5019,5030,5041,5052,5057)
(12020,91,5052,5041,5030,5019,5008,5002,5001)
(12021,3,5029,5018,5007,5001)
(12022,1,5041,5030,5019,5008,5003)
(12023,91,5028,5017,5006,5000)
(12024,3,5054,5043,5032,5021,5010,5004,5003,5002)
(12025,1,5050,5039,5028)
(12026,4,5015,5020,5031,5042,5053,5059)
(12027,137,5030,5019,5008)
(12028,4,5052,5041,5030,5019,5008,5002,5001,5000)
(12029,6,5032,5021,5010,5004)
(12030,92,5028,5017,5006,5000)
(12031,19,5039,5028,5017,5006,5001,5002)
(12032,7,5006,5017,5028,5034)
(12033,15,5006,5017,5028,5039,5045)
(12034,3,5032,5043,5054)
(12035,100,5054,5043,5032,5021,5010,5004,5003,5002,5001)
(12036,5,5040,5029,5018,5012,5011)
(12037,38,5029,5040,5051,5057)
(12038,29,5005,5016,5027,5038,5044,5045,5046)
(12039,4,5032,5043,5054)
(12040,63,5038,5027,5016,5005,5000,5001)
(12041,15,5031,5025,5019,5008)
(12042,47,5007,5013,5019,5030)
(12043,3,5032,5021,5010,5004,5003,5002)
(12044,4,5018,5029,5040,5051,5057,5058,5059)
(12045,27,5029,5018,5007,5001,5000)
(12046,10,5029,5018,5007,5001,5000)
(12047,84,5054,5043,5032,5021,5010,5004,5003,5002)
