#(carId,StartTime,road...)
(10000,1,5040,5029,5018,5007,5001)
(10001,3,5032,5043,5054)
(10002,2,5017,5028,5039,5045,5046,5047)
(10003,9,5020,5031,5042,5053,5058)
(10004,1,5039,5028,5017,5006,5001,5002,5003)
(10005,3,5030,5019,5008,5002,5001)
(10006,6,5018,5029,5040,5046,5047)
(10007,2,5010,5021,5032,5043,5054,5059,5058,5057,5056,5055)
(10008,2,5017,5028,5039,5050,5056)
(10009,2,5053,5042,5031,5020,5009,5004)
(10010,2,5006,5017,5028,5039,5044)
(10011,2,5050,5039,5028,5017,5006)
(10012,1,5028,5039,5050,5056)
(10013,1,5030,5019,5008,5002,5001)
(10014,1,5008,5019,5030,5041)
(10015,2,5049,5038,5027,5016,5011,5012,5013)
(10016,4,5054,5043,5032,5021)
(10017,5,5040,5029,5018,5007,5001)
(10018,2,5041,5030,5019,5013,5012)
(10019,2,5017,5028,5039,5045,5046)
(10020,4,5031,5020,5009,5003,5002,5001)
(10021,1,5031,5020,5009,5003,5002,5001,5000)
(10022,3,5009,5020,5031,5042,5053,5058)
(10023,4,5030,5019,5008,5002)
(10024,1,5043,5032,5021,5015)
(10025,5,5031,5020,5009,5003,5002)
(10026,1,5021,5032,5043,5054,5059,5058,5057,5056)
(10027,2,5051,5040,5029,5018,5013)
(10028,1,5030,5019,5008,5002,5001)
(10029,3,5031,5042,5053,5059)
(10030,5,5030,5019,5008,5002,5001)
(10031,9,5018,5029,5040)
(10032,4,5038,5027,5016,5005,5000,5001,5002)
(10033,1,5032,5043,5054)
(10034,8,5029,5040,5051,5057,5058)
(10035,4,5008,5019,5030,5036,5037)
(10036,2,5016,5027,5038,5044,5045,5046)
(10037,3,5009,5020,5031,5042,5053,5058,5057)
(10038,1,5006,5017,5028,5039,5050,5056,5057,5058)
(10039,10,5029,5040,5051)
(10040,6,5029,5018,5007,5001)
(10041,5,5030,5041,5052,5058)
(10042,2,5017,5028,5039,5050,5056,5057,5058,5059)
(10043,2,5021,5032,5043,5054)
(10044,3,5049,5038,5027,5022,5023,5018,5013,5014,5015)
(10045,3,5049,5038,5027,5016,5011,5006,5001,5002,5003)
(10046,6,5041,5030,5019,5008,5002,5001)
(10047,6,5040,5029,5018,5007,5002)
(10048,1,5041,5030,5019,5008,5003)
(10049,8,5009,5020,5031,5036,5041,5046,5045,5044)
(10050,1,5052,5041,5030,5019,5008,5003,5004)
(10051,1,5005,5016,5027,5038)
(10052,10,5029,5040,5051,5057,5058)
(10053,2,5020,5031,5042,5048)
(10054,4,5009,5020,5031)
(10055,4,5005,5016,5027,5033,5034)
(10056,8,5040,5029,5018,5012,5011)
(10057,2,5027,5038,5049,5055)
(10058,4,5043,5032,5021,5010,5004,5003)
(10059,7,5028,5039,5050,5056,5057)
(10060,1,5005,5016,5027,5038,5044,5045,5046,5047,5048)
(10061,12,5031,5020,5009)
(10062,5,5043,5032,5021,5010,5004,5003)
(10063,3,5027,5038,5049,5055)
(10064,10,5018,5029,5040,5051,5056)
(10065,1,5018,5029,5040,5051,5056,5055)
(10066,1,5049,5038,5027,5022,5023,5018,5013,5014,5015)
(10067,1,5009,5020,5031,5042,5047)
(10068,18,5032,5043,5054)
(10069,3,5052,5041,5030,5019,5008,5002,5001,5000)
(10070,9,5042,5031,5020,5009,5003,5002)
(10071,4,5031,5042,5053)
(10072,16,5028,5039,5050,5056,5057,5058)
(10073,1,5020,5031,5042,5053,5058,5057)
(10074,4,5005,5016,5027,5038,5044)
(10075,4,5009,5020,5031,5036,5041,5046,5045,5044)
(10076,6,5043,5032,5021,5010,5004,5003,5002)
(10077,1,5029,5040,5051,5057,5058,5059)
(10078,1,5019,5030,5041,5052)
(10079,1,5027,5038,5049,5055,5056,5057,5058,5059)
(10080,12,5018,5029,5040,5051,5057,5058,5059)
(10081,2,5043,5032,5021,5010,5004,5003,5002,5001)
(10082,7,5028,5017,5006)
(10083,5,5032,5043,5054)
(10084,2,5051,5040,5029,5018,5013,5014)
(10085,7,5005,5016,5027,5038,5044)
(10086,1,5028,5017,5006,5000)
(10087,2,5038,5027,5016,5005,5000,5001,5002)
(10088,1,5010,5021,5032,5037,5036,5041,5046,5045,5044)
(10089,2,5031,5042,5053,5059)
(10090,1,5032,5043,5054)
(10091,7,5029,5018,5007)
(10092,2,5020,5031,5042,5053,5058)
(10093,2,5042,5031,5020,5009,5003,5002,5001)
(10094,1,5008,5019,5030,5041,5052,5057,5056,5055)
(10095,6,5016,5027,5038,5049)
(10096,1,5041,5030,5019,5008,5002,5001)
(10097,1,5052,5041,5030,5019,5013,5012,5011)
(10098,18,5032,5021,5010,5004,5003,5002,5001,5000)
(10099,8,5030,5041,5052)
(10100,1,5054,5043,5032,5021,5010,5004)
(10101,2,5052,5041,5030,5019,5008,5003)
(10102,2,5053,5042,5031)
(10103,2,5027,5016,5005)
(10104,1,5049,5038,5027,5016,5011,5012,5007,5002,5003,5004)
(10105,1,5019,5030,5041,5052,5057)
(10106,22,5032,5021,5010,5004,5003,5002,5001,5000)
(10107,10,5029,5040,5051,5057,5058,5059)
(10108,1,5051,5040,5029,5018,5013,5014,5015)
(10109,3,5051,5040,5029,5018)
(10110,1,5031,5020,5009,5003)
(10111,4,5021,5032,5043,5054,5059,5058,5057)
(10112,1,5009,5020,5031,5042)
(10113,2,5008,5019,5030,5041,5046,5045)
(10114,1,5032,5021,5010,5004)
(10115,1,5030,5019,5008,5002,5001,5000)
(10116,1,5016,5027,5038,5044,5045,5046)
(10117,4,5031,5042,5053)
(10118,11,5020,5031,5042,5053)
(10119,2,5043,5032,5021,5010,5004,5003)
(10120,1,5028,5039,5050)
(10121,2,5029,5018,5007)
(10122,12,5020,5031,5042,5053,5058,5057)
(10123,2,5005,5016,5027)
(10124,8,5029,5018,5007,5001,5000)
(10125,1,5028,5039,5050,5056,5057,5058)
(10126,8,5005,5016,5027,5033,5034,5035,5036,5037)
(10127,1,5017,5028,5039,5045,5046)
(10128,5,5031,5042,5053)
(10129,2,5052,5041,5030,5024)
(10130,4,5006,5017,5028,5039,5044)
(10131,7,5043,5032,5021,5010,5004,5003,5002,5001)
(10132,2,5005,5016,5027,5033,5034,5035,5036)
(10133,3,5005,5016,5027,5038,5044,5045)
(10134,8,5043,5032,5021,5010,5004,5003,5002,5001,5000)
(10135,19,5032,5021,5010,5004,5003,5002)
(10136,10,5039,5028,5017,5006,5001,5002)
(10137,4,5029,5040,5051)
(10138,1,5027,5016,5005)
(10139,2,5049,5038,5027,5016,5011)
(10140,3,5052,5041,5030)
(10141,5,5009,5020,5031,5042,5053,5058,5057,5056,5055)
(10142,7,5016,5027,5038,5044,5045,5046)
(10143,1,5032,5043,5054)
(10144,11,5039,5028,5017,5006)
(10145,2,5007,5018,5029,5040,5046)
(10146,4,5049,5038,5027,5016,5005,5000)
(10147,1,5007,5018,5029,5040,5045,5044)
(10148,5,5051,5040,5029,5018,5007)
(10149,6,5031,5020,5009)
(10150,7,5028,5039,5050)
(10151,10,5018,5029,5040,5051,5057,5058)
(10152,6,5030,5019,5008,5002,5001,5000)
(10153,4,5010,5021,5032,5037,5036,5041,5046,5045,5044)
(10154,1,5031,5020,5009,5003,5002)
(10155,2,5016,5027,5038,5049,5055,5056,5057,5058,5059)
(10156,2,5043,5032,5021,5010)
(10157,7,5030,5019,5008)
(10158,2,5053,5042,5031,5020,5015)
(10159,11,5040,5029,5018,5007,5002,5003)
(10160,1,5041,5030,5019)
(10161,3,5006,5017,5028,5039,5044)
(10162,19,5032,5021,5010)
(10163,8,5030,5019,5008,5002,5001)
(10164,3,5039,5028,5017,5006)
(10165,9,5042,5031,5020,5009)
(10166,5,5008,5019,5030,5041,5046,5045,5044)
(10167,6,5021,5032,5043,5054,5059,5058,5057)
(10168,12,5040,5029,5018,5012,5011)
(10169,5,5031,5042,5053)
(10170,5,5054,5043,5032)
(10171,5,5005,5016,5027,5038,5049,5055,5056)
(10172,1,5051,5040,5029,5018,5013)
(10173,1,5008,5019,5030,5041,5052,5057,5056)
(10174,3,5010,5021,5032,5043,5054,5059,5058,5057,5056,5055)
(10175,1,5030,5041,5052)
(10176,5,5009,5020,5031,5042,5047)
(10177,1,5009,5020,5031,5042,5053,5058,5057,5056,5055)
(10178,6,5009,5020,5031,5042,5047,5046,5045)
(10179,12,5020,5031,5042,5053,5058,5057)
(10180,1,5018,5029,5040,5046,5047)
(10181,8,5028,5017,5006,5000)
(10182,6,5030,5041,5052)
(10183,1,5029,5040,5051,5057)
(10184,2,5031,5042,5053)
(10185,1,5017,5028,5039,5050)
(10186,5,5054,5043,5032,5021,5015)
(10187,6,5031,5020,5009)
(10188,2,5053,5042,5031,5020,5009,5003,5002)
(10189,1,5052,5041,5030,5024,5023,5022)
(10190,1,5032,5021,5010)
(10191,4,5029,5040,5051)
(10192,12,5040,5029,5018,5012)
(10193,2,5041,5030,5019,5013)
(10194,4,5039,5028,5017,5006)
(10195,3,5041,5030,5019,5013,5012,5011)
(10196,1,5020,5031,5042,5053)
(10197,1,5018,5029,5040)
(10198,2,5032,5021,5010,5004,5003,5002,5001)
(10199,13,5031,5020,5009,5003,5002,5001)
(10200,12,5018,5029,5040,5051,5056,5055)
(10201,10,5041,5030,5019,5013)
(10202,3,5052,5041,5030,5019,5014,5015)
(10203,2,5028,5017,5006)
(10204,2,5042,5031,5020,5009,5003)
(10205,22,5032,5021,5010,5004)
(10206,1,5050,5039,5028,5017,5012,5013,5014)
(10207,2,5019,5030,5041,5052,5058,5059)
(10208,7,5031,5020,5009,5003,5002,5001)
(10209,11,5039,5028,5017)
(10210,14,5020,5031,5042,5053,5058,5057)
(10211,20,5020,5031,5042,5053)
(10212,1,5053,5042,5031,5025,5024,5023,5022)
(10213,1,5007,5018,5029,5040,5051,5057)
(10214,8,5016,5027,5038,5049,5055,5056)
(10215,13,5031,5020,5009,5003,5002,5001)
(10216,13,5019,5030,5041,5052,5057)
(10217,4,5049,5038,5027,5022,5017,5012,5013,5014)
(10218,2,5028,5039,5050,5056,5057,5058)
(10219,5,5005,5016,5027,5038,5049,5055,5056,5057)
(10220,5,5008,5019,5030,5036)
(10221,1,5028,5017,5006,5000)
(10222,4,5021,5032,5043,5054,5059,5058)
(10223,3,5052,5041,5030,5019,5008,5003,5004)
(10224,6,5032,5043,5054)
(10225,2,5008,5019,5030,5041)
(10226,20,5032,5021,5010,5004,5003,5002)
(10227,1,5008,5019,5030,5041)
(10228,6,5032,5043,5054)
(10229,1,5031,5042,5053,5059)
(10230,5,5029,5040,5051,5057,5058,5059)
(10231,4,5006,5017,5028,5039,5045,5046,5047,5048)
(10232,1,5030,5019,5008,5002)
(10233,2,5028,5039,5050,5056)
(10234,12,5039,5028,5017,5012,5007,5002,5003,5004)
(10235,1,5018,5029,5040,5051,5057)
(10236,3,5017,5028,5039)
(10237,2,5027,5016,5005)
(10238,1,5020,5031,5042)
(10239,3,5020,5031,5042,5053,5058,5057,5056,5055)
(10240,9,5030,5041,5052,5058)
(10241,12,5028,5039,5050)
(10242,1,5030,5041,5052,5058,5059)
(10243,1,5021,5032,5043,5054,5059,5058,5057)
(10244,3,5053,5042,5031,5020,5009)
(10245,5,5049,5038,5027,5016)
(10246,2,5043,5032,5021,5010,5004,5003,5002,5001)
(10247,1,5051,5040,5029,5018,5013)
(10248,11,5041,5030,5019,5013,5012)
(10249,20,5032,5021,5010,5004,5003)
(10250,3,5053,5042,5031,5020,5009,5003)
(10251,6,5008,5019,5030,5041,5052,5058,5059)
(10252,2,5043,5032,5021,5015,5014)
(10253,2,5054,5043,5032,5026,5025,5024,5023,5022)
(10254,19,5032,5043,5054)
(10255,2,5050,5039,5028,5023,5018,5013,5014,5015)
(10256,3,5016,5027,5038,5044,5045,5046,5047)
(10257,1,5051,5040,5029,5018,5007,5002,5003,5004)
(10258,2,5049,5038,5027,5016,5011)
(10259,2,5028,5017,5006)
(10260,6,5038,5027,5016)
(10261,13,5028,5039,5050,5056)
(10262,1,5038,5027,5016,5005,5000)
(10263,13,5040,5029,5018,5007,5001)
(10264,1,5040,5029,5018)
(10265,7,5032,5021,5010,5004,5003,5002,5001)
(10266,5,5050,5039,5028,5017)
(10267,10,5042,5031,5020)
(10268,7,5031,5020,5009,5003)
(10269,20,5020,5031,5042,5053,5059)
(10270,8,5016,5027,5038,5049,5055,5056)
(10271,7,5032,5043,5054)
(10272,4,5053,5042,5031,5025,5024)
(10273,6,5031,5042,5053)
(10274,4,5041,5030,5019,5008,5002,5001)
(10275,3,5027,5016,5005)
(10276,6,5019,5030,5041,5052,5058)
(10277,8,5032,5021,5010,5004,5003,5002)
(10278,2,5040,5029,5018,5007)
(10279,1,5031,5042,5053,5059)
(10280,2,5030,5019,5008)
(10281,14,5019,5030,5041,5052,5058)
(10282,2,5050,5039,5028,5017,5012,5013,5014)
(10283,2,5018,5029,5040,5051,5057)
(10284,11,5029,5040,5051,5057,5058,5059)
(10285,8,5005,5016,5027)
(10286,9,5005,5016,5027,5038,5044,5045)
(10287,2,5008,5019,5030,5041,5047,5048)
(10288,2,5038,5027,5016,5005,5000,5001,5002)
(10289,3,5051,5040,5029,5018,5007)
(10290,6,5039,5028,5017,5006)
(10291,12,5039,5028,5017)
(10292,4,5053,5042,5031,5020,5015)
(10293,14,5028,5039,5050,5056,5057)
(10294,1,5029,5040,5051,5057,5058)
(10295,4,5052,5041,5030,5019,5013)
(10296,2,5018,5029,5040,5051,5057)
(10297,1,5009,5020,5031,5037)
(10298,1,5052,5041,5030,5019,5014)
(10299,1,5053,5042,5031,5025)
(10300,21,5032,5021,5010)
(10301,2,5008,5019,5030,5041,5046,5045,5044)
(10302,19,5032,5043,5054)
(10303,27,5031,5042,5053,5059)
(10304,20,5032,5043,5054)
(10305,23,5032,5021,5010,5004,5003,5002)
(10306,4,5017,5028,5039,5045,5046)
(10307,17,5028,5039,5050,5056,5057,5058,5059)
(10308,5,5027,5016,5005)
(10309,4,5016,5027,5038,5044,5045)
(10310,8,5029,5018,5007)
(10311,8,5042,5031,5020,5014)
(10312,3,5032,5043,5054)
(10313,2,5029,5040,5051,5057,5058,5059)
(10314,3,5029,5018,5007,5001,5000)
(10315,1,5019,5030,5041,5052,5057,5056)
(10316,4,5020,5031,5042,5048)
(10317,13,5039,5028,5017,5006,5001,5002,5003)
(10318,3,5050,5039,5028,5017,5012,5013)
(10319,5,5020,5031,5042,5053,5059)
(10320,7,5029,5040,5051,5057,5058,5059)
(10321,1,5028,5017,5006)
(10322,5,5050,5039,5028,5017,5006,5001)
(10323,3,5018,5029,5040,5046)
(10324,4,5016,5027,5038)
(10325,1,5019,5030,5041,5052)
(10326,21,5020,5031,5042,5053,5058,5057)
(10327,1,5006,5017,5028,5034,5035)
(10328,3,5008,5019,5030,5036)
(10329,3,5006,5017,5028,5034,5035)
(10330,3,5028,5017,5006,5000)
(10331,6,5054,5043,5032,5026,5025,5024,5023,5022)
(10332,4,5028,5017,5006,5000)
(10333,1,5029,5018,5007)
(10334,5,5049,5038,5027,5016,5011,5006,5001,5002,5003)
(10335,3,5043,5032,5021,5015,5014,5013,5012,5011)
(10336,1,5021,5032,5043,5054,5059,5058)
(10337,1,5031,5042,5053)
(10338,8,5009,5020,5031,5042,5053,5058,5057,5056)
(10339,1,5038,5027,5016,5005,5000)
(10340,1,5039,5028,5017)
(10341,5,5028,5017,5006,5000)
(10342,5,5020,5031,5042,5053,5058,5057,5056,5055)
(10343,7,5038,5027,5016,5011,5012,5007,5002,5003,5004)
(10344,2,5051,5040,5029,5018,5007,5001)
(10345,5,5041,5030,5019,5013,5012)
(10346,1,5021,5032,5043,5054,5059)
(10347,9,5028,5017,5006)
(10348,4,5029,5018,5007,5001,5000)
(10349,5,5029,5018,5007)
(10350,5,5053,5042,5031,5020,5014)
(10351,4,5018,5029,5040,5051,5057,5058,5059)
(10352,9,5043,5032,5021,5015,5014,5013,5012,5011)
(10353,1,5054,5043,5032,5021,5015)
(10354,5,5016,5027,5038,5044,5045)
(10355,3,5038,5027,5016)
(10356,2,5030,5041,5052)
(10357,6,5009,5020,5031,5042,5053,5058,5057,5056)
(10358,14,5019,5030,5041,5052,5058,5059)
(10359,2,5031,5042,5053)
(10360,5,5018,5029,5040,5046,5047)
(10361,1,5043,5032,5021,5015)
(10362,11,5031,5020,5009,5003,5002)
(10363,4,5017,5028,5039,5050,5055)
(10364,6,5020,5031,5042,5053,5058)
(10365,20,5032,5043,5054)
(10366,1,5040,5029,5018,5007,5002,5003)
(10367,11,5018,5029,5040,5051,5056,5055)
(10368,3,5054,5043,5032,5021,5010,5004,5003,5002)
(10369,3,5007,5018,5029,5040,5051,5057)
(10370,3,5017,5028,5039,5050,5056,5057,5058)
(10371,23,5032,5021,5010,5004)
(10372,11,5031,5020,5009)
(10373,2,5030,5041,5052)
(10374,3,5010,5021,5032,5043)
(10375,9,5030,5041,5052)
(10376,1,5029,5018,5007)
(10377,6,5005,5016,5027,5033,5034,5035,5036)
(10378,2,5031,5020,5009,5003)
(10379,14,5031,5020,5009)
(10380,28,5031,5042,5053)
(10381,6,5005,5016,5027,5033,5034,5035,5036,5037)
(10382,4,5010,5021,5032,5043,5054,5059,5058,5057)
(10383,9,5038,5027,5016,5005,5000)
(10384,1,5043,5032,5021,5015,5014)
(10385,7,5020,5031,5042,5053,5058,5057,5056)
(10386,13,5040,5029,5018,5007,5002)
(10387,6,5027,5016,5005)
(10388,2,5040,5029,5018,5012,5011)
(10389,2,5031,5020,5009,5003,5002)
(10390,2,5039,5028,5017,5006)
(10391,9,5039,5028,5017,5006,5001,5002)
(10392,1,5019,5030,5041,5052,5058,5059)
(10393,11,5029,5040,5051,5057,5058,5059)
(10394,4,5051,5040,5029,5018,5013)
(10395,8,5030,5019,5008,5002)
(10396,13,5039,5028,5017,5006,5001,5002,5003)
(10397,1,5020,5031,5042,5053,5058,5057,5056)
(10398,6,5016,5027,5038,5049,5055)
(10399,10,5028,5017,5006,5000)
(10400,6,5021,5032,5043,5054)
(10401,9,5009,5020,5031,5042,5053)
(10402,1,5010,5021,5032,5043,5054,5059,5058)
(10403,6,5050,5039,5028,5017,5012,5013)
(10404,10,5038,5027,5016,5005,5000)
(10405,12,5019,5030,5041,5052)
(10406,5,5051,5040,5029,5023)
(10407,1,5053,5042,5031,5020)
(10408,1,5053,5042,5031,5020,5014,5013,5012,5011)
(10409,21,5032,5021,5010,5004,5003,5002)
(10410,5,5028,5017,5006,5000)
(10411,3,5039,5028,5017,5006,5001)
(10412,7,5027,5016,5005)
(10413,1,5038,5027,5016,5011,5006,5001,5002,5003)
(10414,21,5020,5031,5042,5053,5059)
(10415,4,5027,5038,5049,5055,5056,5057,5058,5059)
(10416,8,5032,5021,5010,5004)
(10417,8,5020,5031,5042)
(10418,2,5027,5038,5049,5055,5056,5057,5058,5059)
(10419,28,5031,5042,5053)
(10420,14,5031,5020,5009,5003)
(10421,17,5028,5039,5050,5056)
(10422,14,5039,5028,5017,5011)
(10423,8,5021,5032,5043,5054,5059,5058)
(10424,10,5021,5032,5043,5054,5059)
(10425,2,5049,5038,5027,5016,5005)
(10426,2,5009,5020,5031,5036,5041,5046,5045,5044)
(10427,1,5029,5018,5007)
(10428,10,5042,5031,5020,5009,5004)
(10429,2,5029,5040,5051)
(10430,3,5050,5039,5028,5017,5011)
(10431,14,5039,5028,5017,5012,5007,5002,5003,5004)
(10432,7,5009,5020,5031,5042,5047)
(10433,21,5032,5043,5054)
(10434,4,5007,5018,5029,5035,5036,5037)
(10435,7,5030,5041,5052,5058)
(10436,2,5030,5019,5008,5002)
(10437,3,5031,5020,5009)
(10438,22,5020,5031,5042,5053,5058,5057)
(10439,5,5010,5021,5032,5043,5054,5059,5058,5057)
(10440,5,5006,5017,5028,5034,5035)
(10441,1,5054,5043,5032,5021)
(10442,14,5028,5039,5050,5056,5057,5058)
(10443,21,5032,5043,5054)
(10444,14,5040,5029,5018,5007,5002,5003,5004)
(10445,1,5027,5016,5005)
(10446,1,5027,5038,5049)
(10447,11,5021,5032,5043,5054,5059,5058)
(10448,1,5016,5027,5038,5044,5045,5046)
(10449,6,5051,5040,5029,5018,5013,5014)
(10450,18,5032,5043,5054)
(10451,3,5007,5018,5029,5035,5036,5037)
(10452,12,5019,5030,5041,5052,5058)
(10453,11,5021,5032,5043,5054,5059)
(10454,2,5054,5043,5032,5026)
(10455,1,5042,5031,5020,5014,5013,5012)
(10456,12,5029,5018,5007,5001,5000)
(10457,3,5054,5043,5032,5021,5015,5014,5013)
(10458,1,5006,5017,5028,5039,5045,5046,5047,5048)
(10459,5,5018,5029,5040,5051,5057,5058,5059)
(10460,19,5028,5039,5050,5056)
(10461,3,5008,5019,5030)
(10462,1,5038,5027,5016,5005,5000)
(10463,1,5016,5027,5038,5049,5055,5056,5057,5058)
(10464,3,5031,5020,5009)
(10465,2,5007,5018,5029,5040)
(10466,12,5031,5020,5009)
(10467,2,5009,5020,5031,5036,5041,5046,5045,5044)
(10468,14,5040,5029,5018,5007,5001)
(10469,2,5010,5021,5032,5037,5042,5047,5046,5045)
(10470,4,5050,5039,5028,5017,5012,5007,5002,5003,5004)
(10471,17,5032,5021,5010)
(10472,2,5029,5018,5007)
(10473,11,5018,5029,5040,5051,5057,5058)
(10474,3,5005,5016,5027,5038,5044,5045,5046,5047,5048)
(10475,12,5021,5032,5043,5054,5059,5058,5057,5056)
(10476,5,5017,5028,5039,5045,5046,5047)
(10477,2,5030,5041,5052,5058)
(10478,2,5021,5032,5043,5054,5059)
(10479,6,5008,5019,5030)
(10480,18,5032,5021,5010,5004,5003)
(10481,4,5008,5019,5030,5041,5052,5058,5059)
(10482,3,5028,5039,5050,5056,5057,5058,5059)
(10483,1,5028,5017,5006,5000)
(10484,6,5017,5028,5039,5045,5046,5047)
(10485,3,5029,5040,5051)
(10486,7,5017,5028,5039,5045,5046,5047,5048)
(10487,3,5028,5039,5050,5056,5057,5058,5059)
(10488,2,5052,5041,5030,5019,5013,5012)
(10489,3,5031,5020,5009,5003,5002,5001,5000)
(10490,3,5030,5041,5052,5058)
(10491,2,5006,5017,5028,5039,5044)
(10492,7,5009,5020,5031,5042,5048)
(10493,7,5029,5040,5051,5057)
(10494,7,5030,5041,5052,5058)
(10495,6,5028,5017,5006)
(10496,2,5019,5030,5041,5052,5058,5059)
(10497,12,5041,5030,5019,5008,5003,5004)
(10498,2,5049,5038,5027,5016,5005,5000,5001,5002)
(10499,13,5019,5030,5041,5052,5058)
(10500,8,5020,5031,5042,5053,5058,5057,5056,5055)
(10501,5,5030,5041,5052,5058)
(10502,4,5054,5043,5032,5026,5025,5024,5023)
(10503,12,5041,5030,5019,5008,5002,5001)
(10504,4,5051,5040,5029,5018,5007,5001)
(10505,8,5027,5016,5005)
(10506,9,5009,5020,5031)
(10507,15,5040,5029,5018,5007)
(10508,4,5050,5039,5028,5017)
(10509,3,5017,5028,5039,5050,5056,5057,5058)
(10510,7,5005,5016,5027,5033,5034,5035)
(10511,12,5021,5032,5043,5054,5059,5058)
