#(carId,StartTime,road...)
(10000,1,5051,5040,5029,5018,5013,5014)
(10001,1,5040,5029,5018,5012,5011)
(10002,1,5042,5031,5020,5009)
(10003,1,5008,5019,5030,5041)
(10004,1,5006,5017,5028,5034)
(10005,1,5010,5021,5032,5043,5054,5059,5058,5057)
(10006,1,5042,5031,5020,5014,5013)
(10007,1,5031,5020,5009)
(10008,1,5016,5027,5038,5049,5055,5056,5057,5058,5059)
(10009,1,5028,5039,5050,5056)
(10010,1,5016,5027,5038,5044,5045,5046)
(10011,2,5042,5031,5020,5009,5003,5002,5001)
(10012,1,5006,5017,5028,5034)
(10013,1,5040,5029,5018,5012)
(10014,1,5050,5039,5028,5023,5018,5013,5014,5015)
(10015,1,5018,5029,5040)
(10016,1,5053,5042,5031,5025)
(10017,1,5007,5018,5029,5040,5051)
(10018,1,5038,5027,5016,5011,5006,5001,5002,5003)
(10019,1,5028,5017,5006,5000)
(10020,1,5039,5028,5017,5006,5001,5002)
(10021,1,5050,5039,5028,5017,5006,5001,5002)
(10022,1,5021,5032,5043,5054)
(10023,1,5009,5020,5031,5042,5053,5058)
(10024,1,5017,5028,5039)
(10025,1,5049,5038,5027,5016,5011,5006,5001,5002,5003)
(10026,1,5007,5018,5029,5040,5051)
(10027,2,5007,5018,5029,5040,5046,5047,5048)
(10028,1,5005,5016,5027,5038,5044,5045,5046,5047)
(10029,1,5029,5040,5051)
(10030,2,5006,5017,5028,5034,5035,5036,5037)
(10031,1,5031,5020,5009,5003)
(10032,1,5052,5041,5030,5024,5023,5022)
(10033,1,5021,5032,5043)
(10034,1,5030,5019,5008,5002,5001,5000)
(10035,1,5054,5043,5032,5021,5010,5004,5003,5002,5001,5000)
(10036,1,5028,5017,5006)
(10037,1,5031,5042,5053,5059)
(10038,1,5030,5019,5008,5002)
(10039,1,5030,5041,5052,5058)
(10040,1,5028,5017,5006)
(10041,1,5028,5039,5050,5056)
(10042,1,5029,5018,5007,5001)
(10043,1,5050,5039,5028,5017,5006,5001)
(10044,1,5049,5038,5027)
(10045,1,5031,5042,5053,5059)
(10046,2,5042,5031,5020,5014,5013)
(10047,2,5042,5031,5020,5009)
(10048,2,5007,5018,5029,5040,5051,5057)
(10049,1,5032,5021,5010,5004,5003,5002,5001,5000)
(10050,1,5051,5040,5029,5023,5022)
(10051,1,5030,5041,5052)
(10052,3,5007,5018,5029,5040,5051,5056,5055)
(10053,1,5010,5021,5032,5043,5048,5047,5046)
(10054,1,5043,5032,5021)
(10055,1,5031,5042,5053)
(10056,1,5030,5019,5008,5002)
(10057,2,5049,5038,5027,5016,5011,5012,5013)
(10058,2,5040,5029,5018,5007,5001,5000)
(10059,1,5052,5041,5030,5024,5023)
(10060,2,5006,5017,5028,5039,5045)
(10061,1,5039,5028,5017,5011)
(10062,2,5028,5039,5050,5056,5057,5058)
(10063,1,5021,5032,5043)
(10064,2,5028,5039,5050,5056)
(10065,2,5021,5032,5043,5054,5059,5058,5057)
(10066,1,5043,5032,5021,5010)
(10067,2,5043,5032,5021,5015,5014)
(10068,1,5019,5030,5041,5052,5057,5056)
(10069,2,5049,5038,5027,5016,5005,5000,5001,5002)
(10070,1,5029,5018,5007)
(10071,1,5031,5020,5009)
(10072,2,5021,5032,5043)
(10073,2,5040,5029,5018,5012,5011)
(10074,1,5038,5027,5016,5005,5000)
(10075,1,5017,5028,5039,5045,5046,5047)
(10076,1,5010,5021,5032,5037,5042,5047,5046,5045)
(10077,1,5008,5019,5030,5041,5046,5045)
(10078,1,5050,5039,5028,5017)
(10079,1,5018,5029,5040,5051,5056)
(10080,1,5030,5041,5052,5058)
(10081,1,5019,5030,5041,5047,5048)
(10082,1,5027,5016,5005)
(10083,3,5021,5032,5043,5054,5059,5058,5057,5056)
(10084,1,5041,5030,5019,5008)
(10085,1,5030,5041,5052,5058)
(10086,2,5030,5041,5052,5058)
(10087,1,5052,5041,5030,5019)
(10088,2,5031,5020,5009,5003)
(10089,1,5054,5043,5032,5021,5015,5014,5013,5012,5011)
(10090,4,5021,5032,5043)
(10091,1,5052,5041,5030,5019,5013)
(10092,3,5007,5018,5029,5040,5051,5057)
(10093,3,5040,5029,5018,5007,5002,5003,5004)
(10094,3,5049,5038,5027,5016)
(10095,1,5017,5028,5039,5050,5056)
(10096,2,5030,5041,5052,5058,5059)
(10097,3,5030,5041,5052)
(10098,4,5040,5029,5018)
(10099,1,5032,5043,5054)
(10100,2,5029,5018,5007,5001)
(10101,1,5020,5031,5042,5048)
(10102,3,5042,5031,5020,5014,5013)
(10103,1,5031,5042,5053)
(10104,2,5050,5039,5028,5017,5006,5001)
(10105,1,5020,5031,5042,5053,5058,5057,5056)
(10106,2,5019,5030,5041,5052,5058)
(10107,4,5042,5031,5020,5009,5004)
(10108,1,5027,5016,5005)
(10109,2,5031,5020,5009,5003,5002,5001,5000)
(10110,1,5039,5028,5017,5006,5001,5002)
(10111,2,5027,5016,5005)
(10112,2,5028,5017,5006)
(10113,4,5031,5020,5009,5003,5002,5001,5000)
(10114,3,5049,5038,5027,5016,5011,5012)
(10115,2,5019,5030,5041,5047,5048)
(10116,1,5018,5029,5040)
(10117,2,5039,5028,5017,5006)
(10118,2,5038,5027,5016,5005,5000)
(10119,10,5031,5020,5009)
(10120,2,5028,5017,5006,5000)
(10121,2,5039,5028,5017)
(10122,4,5042,5031,5020,5009,5003)
(10123,1,5008,5019,5030,5041,5052,5057)
(10124,2,5029,5018,5007)
(10125,1,5027,5038,5049,5055)
(10126,1,5010,5021,5032,5043,5054,5059,5058)
(10127,1,5032,5021,5010,5004,5003)
(10128,2,5031,5042,5053)
(10129,1,5009,5020,5031,5042,5047,5046,5045)
(10130,2,5029,5018,5007)
(10131,1,5005,5016,5027,5038,5049)
(10132,10,5031,5020,5009,5003,5002,5001)
(10133,2,5051,5040,5029,5018,5007,5002,5003)
(10134,5,5030,5041,5052,5058,5059)
(10135,2,5038,5027,5016)
(10136,2,5027,5016,5005)
(10137,1,5010,5021,5032,5043)
(10138,2,5010,5021,5032,5043,5054,5059,5058,5057)
(10139,1,5016,5027,5038)
(10140,4,5007,5018,5029,5040)
(10141,2,5052,5041,5030,5024)
(10142,2,5016,5027,5038,5044,5045,5046,5047,5048)
(10143,2,5016,5027,5038)
(10144,1,5008,5019,5030,5041,5052,5058,5059)
(10145,1,5029,5040,5051,5057,5058,5059)
(10146,2,5005,5016,5027,5038,5044,5045)
(10147,1,5030,5019,5008)
(10148,4,5007,5018,5029,5035,5036)
(10149,3,5028,5017,5006)
(10150,3,5016,5027,5038,5044)
(10151,2,5029,5018,5007,5001,5000)
(10152,1,5009,5020,5031,5042,5047,5046)
(10153,2,5032,5021,5010,5004,5003)
(10154,4,5039,5028,5017,5006,5001,5002)
(10155,3,5029,5018,5007)
(10156,4,5029,5018,5007,5001)
(10157,4,5007,5018,5029,5035,5036)
(10158,2,5020,5031,5042,5053,5058,5057,5056)
(10159,5,5040,5029,5018,5007,5001,5000)
(10160,5,5028,5039,5050,5056,5057)
(10161,1,5017,5028,5039,5045,5046,5047,5048)
(10162,6,5029,5018,5007,5001,5000)
(10163,4,5042,5031,5020,5009,5003,5002,5001,5000)
(10164,4,5049,5038,5027,5016)
(10165,1,5053,5042,5031,5025,5024,5023)
(10166,2,5017,5028,5039,5050,5055)
(10167,2,5008,5019,5030,5036,5037)
(10168,2,5009,5020,5031,5042,5047,5046,5045)
(10169,2,5051,5040,5029,5018)
(10170,2,5019,5030,5041,5052)
(10171,2,5010,5021,5032,5043,5048,5047)
(10172,6,5029,5018,5007)
(10173,2,5038,5027,5016,5005,5000,5001)
(10174,2,5017,5028,5039,5045,5046,5047)
(10175,1,5041,5030,5019,5008,5002,5001)
(10176,2,5018,5029,5040,5051,5057)
(10177,1,5032,5043,5054)
(10178,3,5028,5017,5006)
(10179,4,5016,5027,5038,5044)
(10180,2,5050,5039,5028,5017,5006)
(10181,4,5007,5018,5029,5035,5036)
(10182,2,5008,5019,5030,5041,5052,5057,5056)
(10183,2,5030,5019,5008)
(10184,4,5049,5038,5027,5016)
(10185,5,5028,5039,5050,5056)
(10186,2,5052,5041,5030,5024,5023,5022)
(10187,6,5028,5039,5050,5056,5057)
(10188,4,5021,5032,5043,5054,5059,5058)
(10189,5,5030,5041,5052)
(10190,2,5043,5032,5021,5010,5004)
(10191,16,5028,5039,5050,5056,5057)
(10192,4,5016,5027,5038,5049)
(10193,2,5038,5027,5016,5005)
(10194,19,5031,5020,5009)
(10195,1,5029,5040,5051,5057,5058)
(10196,3,5010,5021,5032,5043,5054,5059,5058,5057)
(10197,7,5029,5018,5007,5001,5000)
(10198,1,5054,5043,5032,5021)
(10199,5,5049,5038,5027,5016,5005,5000,5001,5002)
(10200,2,5009,5020,5031,5042,5047,5046,5045)
(10201,7,5029,5018,5007,5001)
(10202,2,5029,5040,5051,5057,5058,5059)
(10203,1,5027,5038,5049,5055,5056,5057,5058)
(10204,2,5020,5031,5042,5053)
(10205,2,5018,5029,5040,5046,5047)
(10206,3,5010,5021,5032,5043,5054,5059,5058,5057,5056)
(10207,2,5052,5041,5030,5019,5008)
(10208,1,5041,5030,5019,5008,5003)
(10209,3,5050,5039,5028,5023,5018,5013,5014,5015)
(10210,20,5031,5020,5009,5003,5002)
(10211,3,5017,5028,5039,5045,5046)
(10212,20,5031,5020,5009,5003,5002,5001)
(10213,1,5041,5030,5019,5008,5002)
(10214,2,5052,5041,5030,5019,5008,5002,5001,5000)
(10215,6,5040,5029,5018,5012,5011)
(10216,23,5029,5018,5007)
(10217,1,5027,5038,5049,5055,5056,5057,5058)
(10218,5,5016,5027,5038,5049,5055,5056)
(10219,3,5050,5039,5028,5022)
(10220,2,5029,5040,5051,5057,5058)
(10221,5,5007,5018,5029,5040,5051,5057,5058)
(10222,1,5041,5030,5019,5013,5012)
(10223,3,5009,5020,5031,5042,5047,5046)
(10224,2,5031,5042,5053,5059)
(10225,2,5054,5043,5032,5021,5010,5004)
(10226,1,5027,5038,5049,5055,5056,5057,5058,5059)
(10227,3,5031,5042,5053)
(10228,8,5030,5041,5052,5058,5059)
(10229,2,5005,5016,5027,5038,5044,5045)
(10230,6,5016,5027,5038,5049,5055,5056,5057,5058,5059)
(10231,4,5050,5039,5028,5017,5012)
(10232,16,5028,5039,5050,5056,5057,5058)
(10233,3,5029,5040,5051,5057)
(10234,4,5031,5042,5053,5059)
(10235,2,5027,5016,5005)
(10236,5,5007,5018,5029,5040)
(10237,4,5031,5042,5053)
(10238,1,5053,5042,5031,5020,5015)
(10239,2,5006,5017,5028,5039,5050,5056,5057,5058)
(10240,5,5049,5038,5027,5016,5011,5012,5013)
(10241,2,5006,5017,5028,5039,5050,5056,5057,5058)
(10242,5,5007,5018,5029,5035,5036)
(10243,3,5028,5017,5006)
(10244,3,5027,5016,5005)
(10245,17,5028,5039,5050,5056)
(10246,24,5029,5018,5007,5001,5000)
(10247,7,5016,5027,5038,5044,5045)
(10248,3,5008,5019,5030,5041,5052,5057,5056,5055)
(10249,7,5028,5017,5006)
(10250,9,5028,5017,5006)
(10251,2,5032,5021,5010,5004,5003,5002)
(10252,4,5021,5032,5043,5054,5059,5058)
(10253,24,5029,5018,5007,5001)
(10254,21,5031,5020,5009,5003,5002,5001,5000)
(10255,1,5053,5042,5031,5020,5015)
(10256,2,5043,5032,5021,5015,5014)
(10257,7,5016,5027,5038,5049,5055)
(10258,17,5028,5039,5050,5056,5057,5058)
(10259,18,5028,5039,5050,5056,5057,5058)
(10260,3,5018,5029,5040,5051,5056,5055)
(10261,8,5016,5027,5038,5044)
(10262,3,5006,5017,5028,5039,5050,5056,5057)
(10263,4,5021,5032,5043,5054,5059,5058,5057,5056,5055)
(10264,4,5027,5016,5005)
(10265,3,5052,5041,5030,5019,5008,5003)
(10266,3,5051,5040,5029,5018,5007,5001)
(10267,3,5008,5019,5030,5041)
(10268,3,5043,5032,5021,5010,5004)
(10269,7,5040,5029,5018,5007,5002,5003,5004)
(10270,2,5030,5019,5008,5002,5001)
(10271,2,5027,5038,5049,5055,5056,5057,5058,5059)
(10272,3,5051,5040,5029)
(10273,6,5007,5018,5029,5040,5051,5057)
(10274,25,5029,5018,5007,5001)
(10275,4,5050,5039,5028,5017)
(10276,4,5018,5029,5040,5051,5057,5058,5059)
(10277,4,5008,5019,5030,5041,5052,5058)
(10278,2,5053,5042,5031,5020,5014,5013)
(10279,9,5028,5017,5006)
(10280,5,5021,5032,5043,5054,5059)
(10281,4,5018,5029,5040,5051,5057,5058,5059)
(10282,2,5038,5027,5016,5011,5012,5007,5002,5003,5004)
(10283,12,5018,5029,5040,5046,5047)
(10284,3,5019,5030,5041,5047)
(10285,21,5031,5020,5009,5003,5002,5001,5000)
(10286,2,5027,5038,5049,5055)
(10287,2,5053,5042,5031,5020,5009,5003,5002)
(10288,18,5028,5039,5050,5056,5057,5058,5059)
(10289,19,5028,5039,5050,5056,5057)
(10290,2,5020,5031,5042,5053)
(10291,2,5030,5019,5008,5002)
(10292,3,5009,5020,5031,5042,5047,5046)
(10293,5,5050,5039,5028,5017)
(10294,6,5049,5038,5027,5016)
(10295,4,5039,5028,5017,5006,5001)
(10296,4,5043,5032,5021,5015)
(10297,3,5032,5021,5010,5004,5003)
(10298,19,5028,5039,5050,5056,5057,5058)
(10299,12,5016,5027,5038,5044,5045,5046,5047,5048)
(10300,5,5050,5039,5028,5022)
(10301,3,5052,5041,5030,5019)
(10302,6,5021,5032,5043,5054,5059,5058,5057)
(10303,3,5053,5042,5031,5020,5014,5013,5012)
(10304,2,5005,5016,5027,5038,5049,5055,5056)
(10305,7,5039,5028,5017,5012,5007,5002,5003,5004)
(10306,4,5010,5021,5032,5043,5048)
(10307,2,5030,5019,5008,5002)
(10308,4,5051,5040,5029,5018,5012,5011)
(10309,4,5029,5040,5051,5057,5058,5059)
(10310,8,5040,5029,5018,5007,5002,5003)
(10311,13,5018,5029,5040,5046)
(10312,4,5009,5020,5031,5042,5047)
(10313,5,5027,5016,5005)
(10314,4,5008,5019,5030,5041,5052)
(10315,4,5009,5020,5031,5037)
(10316,4,5051,5040,5029,5018,5007)
(10317,2,5041,5030,5019,5013,5012)
(10318,8,5039,5028,5017,5012,5007,5002,5003,5004)
(10319,22,5028,5017,5006)
(10320,5,5009,5020,5031,5042,5053,5058)
(10321,16,5030,5041,5052)
(10322,3,5038,5027,5016,5005,5000)
(10323,3,5053,5042,5031,5020,5009,5003,5002)
(10324,18,5030,5041,5052)
(10325,9,5040,5029,5018,5007,5002,5003)
(10326,7,5021,5032,5043,5054,5059)
(10327,6,5049,5038,5027,5022,5023,5018,5013,5014,5015)
(10328,6,5050,5039,5028,5023,5018,5013,5014,5015)
(10329,4,5010,5021,5032,5043,5054,5059,5058,5057,5056)
(10330,4,5019,5030,5041,5052,5057)
(10331,2,5054,5043,5032,5021,5010,5004,5003,5002,5001)
(10332,5,5051,5040,5029,5018,5013)
(10333,2,5020,5031,5042,5053,5058)
(10334,4,5019,5030,5041,5052)
(10335,3,5020,5031,5042)
(10336,1,5032,5043,5054)
(10337,3,5020,5031,5042,5053)
(10338,13,5016,5027,5038,5049,5055,5056,5057)
(10339,5,5019,5030,5041,5052,5057,5056)
(10340,10,5040,5029,5018,5007,5001,5000)
(10341,3,5054,5043,5032)
(10342,4,5053,5042,5031,5020,5009,5004)
(10343,5,5009,5020,5031,5042)
(10344,11,5040,5029,5018,5012)
(10345,3,5006,5017,5028,5039,5045,5046)
(10346,13,5016,5027,5038,5044,5045,5046,5047)
(10347,7,5021,5032,5043,5054,5059,5058,5057)
(10348,20,5028,5039,5050,5056,5057,5058)
(10349,5,5042,5031,5020,5014,5013,5012,5011)
(10350,5,5010,5021,5032,5043,5048)
(10351,3,5054,5043,5032,5021,5010)
(10352,4,5054,5043,5032,5021,5010)
(10353,6,5007,5018,5029,5040,5051,5056)
(10354,2,5041,5030,5019)
(10355,1,5032,5043,5054)
(10356,3,5020,5031,5042,5053,5059)
(10357,8,5021,5032,5043,5054,5059,5058,5057)
(10358,4,5053,5042,5031,5025,5024,5023,5022)
(10359,13,5018,5029,5040,5051,5057,5058)
(10360,4,5038,5027,5016,5011,5012,5007,5002,5003,5004)
(10361,1,5032,5043,5054)
(10362,6,5019,5030,5041)
(10363,4,5032,5021,5010,5004,5003,5002)
(10364,25,5029,5018,5007,5001)
(10365,20,5028,5039,5050)
(10366,4,5054,5043,5032,5021,5010,5004,5003,5002)
(10367,26,5029,5018,5007,5001,5000)
(10368,26,5029,5018,5007)
(10369,14,5018,5029,5040,5051)
(10370,3,5005,5016,5027)
(10371,3,5005,5016,5027,5038,5049,5055,5056)
(10372,14,5018,5029,5040,5046)
(10373,14,5039,5028,5017,5006,5001,5002,5003)
(10374,5,5038,5027,5016)
(10375,2,5041,5030,5019,5008,5002)
(10376,6,5019,5030,5041,5052,5058,5059)
(10377,22,5031,5020,5009,5003)
(10378,4,5052,5041,5030,5019,5008,5002)
(10379,6,5042,5031,5020,5014,5013)
(10380,7,5049,5038,5027,5016,5011,5012,5013)
(10381,15,5018,5029,5040,5046,5047)
(10382,7,5042,5031,5020,5014,5013,5012)
(10383,2,5032,5043,5054)
(10384,4,5020,5031,5042,5053,5058,5057,5056)
(10385,2,5032,5043,5054)
(10386,6,5043,5032,5021,5015,5014,5013,5012,5011)
(10387,7,5049,5038,5027,5016,5011,5012,5013)
(10388,4,5005,5016,5027,5038,5044,5045,5046)
(10389,12,5040,5029,5018,5007,5001,5000)
(10390,10,5042,5031,5020,5009,5003,5002,5001,5000)
(10391,6,5009,5020,5031,5042,5053,5058,5057,5056,5055)
(10392,22,5028,5017,5006)
(10393,7,5007,5018,5029,5040,5051,5056,5055)
(10394,4,5005,5016,5027,5038,5044,5045,5046,5047,5048)
(10395,11,5042,5031,5020)
(10396,5,5051,5040,5029,5018,5007,5002,5003)
(10397,6,5051,5040,5029,5018,5007,5002,5003)
(10398,6,5050,5039,5028,5017,5006,5000)
(10399,7,5019,5030,5041,5047,5048)
(10400,3,5032,5043,5054)
(10401,5,5054,5043,5032,5026,5025,5024)
(10402,7,5050,5039,5028,5017,5012,5013,5014)
(10403,21,5028,5039,5050,5056)
(10404,4,5030,5019,5008,5002,5001,5000)
(10405,7,5050,5039,5028)
(10406,22,5031,5020,5009,5003,5002,5001)
(10407,5,5010,5021,5032,5043)
(10408,21,5028,5039,5050)
(10409,12,5042,5031,5020,5009,5003)
(10410,14,5016,5027,5038,5049)
(10411,10,5030,5019,5008,5002)
(10412,6,5038,5027,5016,5005,5000)
(10413,4,5052,5041,5030,5019,5014,5015)
(10414,15,5040,5029,5018)
(10415,6,5051,5040,5029,5023,5022)
(10416,5,5005,5016,5027,5038,5049,5055)
(10417,6,5009,5020,5031,5042)
(10418,4,5029,5040,5051)
(10419,5,5053,5042,5031,5020,5009)
(10420,23,5031,5020,5009,5003)
(10421,27,5029,5018,5007,5001,5000)
(10422,7,5043,5032,5021,5015,5014,5013,5012,5011)
(10423,7,5017,5028,5039,5050,5056)
(10424,8,5049,5038,5027,5016,5011,5012,5007,5002,5003,5004)
(10425,6,5010,5021,5032,5043,5048,5047)
(10426,5,5008,5019,5030,5041,5052,5057,5056,5055)
(10427,8,5049,5038,5027,5016,5011,5012,5007,5002,5003,5004)
(10428,15,5039,5028,5017,5006,5000)
(10429,15,5039,5028,5017,5006,5001,5002)
(10430,9,5049,5038,5027,5016,5011,5012)
(10431,3,5006,5017,5028,5039,5050,5056)
(10432,23,5028,5017,5006)
(10433,6,5010,5021,5032,5037,5042,5047,5046,5045)
(10434,8,5019,5030,5041,5052,5057,5056)
(10435,4,5006,5017,5028,5034,5035,5036)
(10436,8,5019,5030,5041,5047,5048)
(10437,5,5031,5042,5053,5059)
(10438,23,5028,5017,5006,5000)
(10439,13,5042,5031,5020,5009,5003,5002,5001)
(10440,4,5032,5043,5054)
(10441,4,5020,5031,5042,5048)
(10442,5,5005,5016,5027,5038,5049,5055,5056)
(10443,5,5020,5031,5042,5053,5058,5057,5056,5055)
(10444,24,5028,5017,5006)
(10445,16,5040,5029,5018,5007,5002,5003)
(10446,8,5043,5032,5021,5010,5004,5003,5002,5001,5000)
(10447,23,5031,5020,5009,5003,5002,5001)
(10448,7,5038,5027,5016,5005,5000,5001,5002)
(10449,5,5053,5042,5031,5020,5014,5013,5012,5011)
(10450,6,5020,5031,5042,5053,5059)
(10451,18,5030,5041,5052,5058)
(10452,5,5029,5040,5051,5057,5058,5059)
(10453,27,5029,5018,5007,5001)
(10454,7,5009,5020,5031,5042,5053,5058,5057,5056,5055)
(10455,15,5018,5029,5040,5051,5056,5055)
(10456,7,5051,5040,5029,5023,5022)
(10457,9,5021,5032,5043,5054,5059,5058,5057,5056)
(10458,16,5040,5029,5018,5007)
(10459,5,5032,5021,5010,5004,5003,5002,5001,5000)
(10460,6,5032,5021,5010,5004,5003,5002,5001)
(10461,7,5009,5020,5031,5042,5053,5058,5057,5056,5055)
(10462,21,5029,5040,5051)
(10463,10,5019,5030,5041,5052,5058,5059)
(10464,4,5006,5017,5028,5039,5045,5046,5047)
(10465,20,5030,5041,5052,5058)
(10466,21,5030,5041,5052,5058,5059)
(10467,4,5032,5043,5054)
(10468,8,5009,5020,5031,5042,5047)
(10469,7,5032,5021,5010,5004,5003,5002)
(10470,10,5030,5019,5008,5002,5001,5000)
(10471,8,5050,5039,5028,5017,5006,5000)
(10472,21,5030,5041,5052)
(10473,22,5030,5041,5052,5058,5059)
(10474,7,5017,5028,5039,5045,5046,5047)
(10475,14,5042,5031,5020,5009)
(10476,8,5050,5039,5028,5017,5006)
(10477,16,5039,5028,5017,5006,5001,5002,5003)
(10478,5,5006,5017,5028,5034,5035)
(10479,9,5050,5039,5028,5017,5011)
(10480,11,5019,5030,5041,5052)
(10481,28,5029,5018,5007,5001,5000)
(10482,24,5028,5017,5006,5000)
(10483,10,5017,5028,5039,5050,5056,5057,5058,5059)
(10484,9,5050,5039,5028)
(10485,22,5028,5039,5050,5056,5057)
(10486,7,5010,5021,5032,5043)
(10487,14,5032,5043,5054)
(10488,3,5027,5038,5049)
(10489,22,5028,5039,5050,5056)
(10490,6,5031,5042,5053)
(10491,5,5054,5043,5032)
(10492,5,5041,5030,5019,5008,5003,5004)
(10493,7,5051,5040,5029,5018,5007,5001)
(10494,14,5016,5027,5038,5044,5045,5046)
(10495,15,5032,5043,5054)
(10496,6,5053,5042,5031,5020,5014,5013,5012,5011)
(10497,6,5031,5042,5053,5059)
(10498,11,5043,5032,5021,5010,5004,5003,5002)
(10499,5,5052,5041,5030,5019,5013)
(10500,9,5049,5038,5027)
(10501,10,5049,5038,5027,5016,5011,5012,5013)
(10502,28,5029,5018,5007)
(10503,16,5018,5029,5040,5051,5057,5058)
(10504,16,5032,5043,5054)
(10505,7,5010,5021,5032,5043,5054)
(10506,6,5020,5031,5042,5048)
(10507,29,5029,5018,5007,5001)
(10508,16,5039,5028,5017,5006,5001,5002,5003)
(10509,4,5027,5038,5049)
(10510,22,5029,5040,5051,5057,5058)
(10511,8,5051,5040,5029,5018,5007)
