#(carId,StartTime,road...)
(10000,8,5019,5030,5041)
10--->16--->22--->28

(10001,3,5031,5042,5053)
17--->23--->29--->35

(10002,2,5029,5040,5051,5057,5058,5059)
15--->21--->27--->33--->34--->35--->36

(10003,5,5038,5027,5016,5011,5006,5001,5002,5003)
25--->19--->13--->7--->8--->2--->3--->4--->5

(10004,1,5020,5031,5042,5048)
11--->17--->23--->29--->30

(10005,1,5040,5029,5018,5007,5002)
27--->21--->15--->9--->3--->4

(10006,2,5018,5029,5040,5051,5057,5058,5059)
9--->15--->21--->27--->33--->34--->35--->36

(10007,2,5016,5027,5038,5049,5055,5056)
7--->13--->19--->25--->31--->32--->33

(10008,4,5052,5041,5030,5019,5008,5002,5001,5000)
34--->28--->22--->16--->10--->4--->3--->2--->1

(10009,2,5027,5038,5049,5055,5056)
13--->19--->25--->31--->32--->33

(10010,3,5017,5028,5039,5045)
8--->14--->20--->26--->27

(10011,4,5007,5018,5029,5035,5036,5037)
3--->9--->15--->21--->22--->23--->24

(10012,2,5028,5039,5050)
14--->20--->26--->32

(10013,2,5027,5016,5005)
19--->13--->7--->1

(10014,3,5007,5018,5029,5035,5036)
3--->9--->15--->21--->22--->23

(10015,1,5029,5018,5007,5001)
21--->15--->9--->3--->2

(10016,1,5006,5017,5028,5039)
2--->8--->14--->20--->26

(10017,2,5029,5018,5007,5001,5000)
21--->15--->9--->3--->2--->1

(10018,1,5028,5039,5050)
14--->20--->26--->32

(10019,2,5042,5031,5025,5019,5008,5002)
29--->23--->17--->16--->10--->4--->3

(10020,4,5049,5038,5027,5016,5005,5000)
31--->25--->19--->13--->7--->1--->2

(10021,3,5018,5029,5040)
9--->15--->21--->27

(10022,1,5019,5030,5041,5052,5058)
10--->16--->22--->28--->34--->35

(10023,4,5039,5028,5017,5006,5001,5002)
26--->20--->14--->8--->2--->3--->4

(10024,3,5028,5017,5006)
20--->14--->8--->2

(10025,1,5008,5019,5030)
4--->10--->16--->22

(10026,1,5016,5027,5038,5044,5045,5046,5047)
7--->13--->19--->25--->26--->27--->28--->29

(10027,3,5030,5019,5008)
22--->16--->10--->4

(10028,1,5019,5030,5041,5052,5057)
10--->16--->22--->28--->34--->33

(10029,5,5041,5030,5019,5008,5002,5007,5012,5011)
28--->22--->16--->10--->4--->3--->9--->8--->7

(10030,3,5051,5040,5029,5018,5007,5002)
33--->27--->21--->15--->9--->3--->4

(10031,1,5031,5025,5019,5008,5003)
23--->17--->16--->10--->4--->5

(10032,4,5049,5038,5027,5016,5011,5012)
31--->25--->19--->13--->7--->8--->9

(10033,2,5029,5040,5051,5057,5058,5059)
15--->21--->27--->33--->34--->35--->36

(10034,2,5043,5032,5021,5010)
30--->24--->18--->12--->6

(10035,4,5052,5041,5030,5019,5008,5003)
34--->28--->22--->16--->10--->4--->5

(10036,1,5051,5040,5029,5018)
33--->27--->21--->15--->9

(10037,8,5039,5028,5017,5012,5013,5008,5003,5004)
26--->20--->14--->8--->9--->10--->4--->5--->6

(10038,2,5028,5017,5006,5000)
20--->14--->8--->2--->1

(10039,5,5049,5038,5027,5016,5011,5012)
31--->25--->19--->13--->7--->8--->9

(10040,1,5009,5020,5031,5042,5047,5046,5045)
5--->11--->17--->23--->29--->28--->27--->26

(10041,1,5028,5017,5006,5000)
20--->14--->8--->2--->1

(10042,1,5039,5028,5017,5006,5001,5002,5003)
26--->20--->14--->8--->2--->3--->4--->5

(10043,1,5007,5018,5029,5035)
3--->9--->15--->21--->22

(10044,6,5050,5039,5028)
32--->26--->20--->14

(10045,1,5043,5032,5021,5010,5004,5003,5002,5007,5012,5011)
30--->24--->18--->12--->6--->5--->4--->3--->9--->8--->7

(10046,1,5041,5030,5019)
28--->22--->16--->10

(10047,1,5031,5025,5019,5008,5002,5001)
23--->17--->16--->10--->4--->3--->2

(10048,2,5032,5021,5010,5004,5003)
24--->18--->12--->6--->5--->4

(10049,2,5032,5021,5010,5004,5003,5002)
24--->18--->12--->6--->5--->4--->3

(10050,2,5038,5027,5016,5005)
25--->19--->13--->7--->1

(10051,9,5039,5028,5017,5006,5001,5002,5003)
26--->20--->14--->8--->2--->3--->4--->5

(10052,3,5031,5042,5053)
17--->23--->29--->35

(10053,1,5029,5018,5007)
21--->15--->9--->3

(10054,3,5032,5043,5054)
18--->24--->30--->36

(10055,1,5028,5017,5006)
20--->14--->8--->2

(10056,4,5017,5028,5039,5050,5056)
8--->14--->20--->26--->32--->33

(10057,1,5019,5030,5041,5047,5048)
10--->16--->22--->28--->29--->30

(10058,2,5052,5041,5030,5019,5008,5002,5007,5012,5011)
34--->28--->22--->16--->10--->4--->3--->9--->8--->7

(10059,5,5021,5032,5043,5054,5059,5058,5057,5056)
12--->18--->24--->30--->36--->35--->34--->33--->32

(10060,7,5049,5038,5027,5016)
31--->25--->19--->13--->7

(10061,3,5016,5027,5038,5044,5045,5046,5047)
7--->13--->19--->25--->26--->27--->28--->29

(10062,2,5038,5027,5016)
25--->19--->13--->7

(10063,3,5054,5043,5032,5026,5025,5024)
36--->30--->24--->18--->17--->16--->15

(10064,3,5032,5043,5054)
18--->24--->30--->36

(10065,1,5032,5021,5010)
24--->18--->12--->6

(10066,2,5020,5031,5042,5053,5058,5057)
11--->17--->23--->29--->35--->34--->33

(10067,3,5043,5032,5021,5010,5004,5003,5002,5001,5000)
30--->24--->18--->12--->6--->5--->4--->3--->2--->1

(10068,3,5005,5016,5027,5033,5034,5035)
1--->7--->13--->19--->20--->21--->22

(10069,6,5021,5032,5043,5054,5059,5058,5057,5056)
12--->18--->24--->30--->36--->35--->34--->33--->32

(10070,1,5041,5030,5019,5008,5002,5007,5012,5011)
28--->22--->16--->10--->4--->3--->9--->8--->7

(10071,2,5016,5027,5038,5044,5045,5046)
7--->13--->19--->25--->26--->27--->28

(10072,1,5008,5019,5030,5041,5052,5057,5056,5055)
4--->10--->16--->22--->28--->34--->33--->32--->31

(10073,3,5029,5018,5007,5001)
21--->15--->9--->3--->2

(10074,15,5041,5030,5024,5018,5012)
28--->22--->16--->15--->9--->8

(10075,1,5010,5021,5032,5043,5048)
6--->12--->18--->24--->30--->29

(10076,4,5031,5042,5053)
17--->23--->29--->35

(10077,1,5005,5016,5027,5038,5044,5045)
1--->7--->13--->19--->25--->26--->27

(10078,1,5051,5040,5029,5018,5013,5014)
33--->27--->21--->15--->9--->10--->11

(10079,3,5027,5038,5049,5055,5056)
13--->19--->25--->31--->32--->33

(10080,1,5032,5043,5054)
18--->24--->30--->36

(10081,1,5027,5016,5005)
19--->13--->7--->1

(10082,1,5016,5027,5038,5049,5055,5056)
7--->13--->19--->25--->31--->32--->33

(10083,1,5006,5017,5028,5039,5050,5056)
2--->8--->14--->20--->26--->32--->33

(10084,2,5027,5016,5005)
19--->13--->7--->1

(10085,3,5020,5031,5042,5053,5058)
11--->17--->23--->29--->35--->34

(10086,3,5028,5017,5006,5000)
20--->14--->8--->2--->1

(10087,2,5027,5038,5049)
13--->19--->25--->31

(10088,5,5030,5041,5052)
16--->22--->28--->34

(10089,1,5050,5039,5028,5017,5011)
32--->26--->20--->14--->8--->7

(10090,1,5016,5027,5038,5049,5055)
7--->13--->19--->25--->31--->32

(10091,2,5052,5041,5030,5024,5023)
34--->28--->22--->16--->15--->14

(10092,3,5054,5043,5032,5021,5010,5004,5003,5002,5007,5012,5011)
36--->30--->24--->18--->12--->6--->5--->4--->3--->9--->8--->7

(10093,2,5052,5041,5030,5019,5008,5003,5004)
34--->28--->22--->16--->10--->4--->5--->6

(10094,1,5040,5029,5018,5012,5011)
27--->21--->15--->9--->8--->7

(10095,1,5031,5042,5053)
17--->23--->29--->35

(10096,2,5028,5017,5006,5000)
20--->14--->8--->2--->1

(10097,6,5050,5039,5028,5017,5006,5001)
32--->26--->20--->14--->8--->2--->3

(10098,3,5027,5016,5005)
19--->13--->7--->1

(10099,7,5050,5039,5028,5017,5006,5001)
32--->26--->20--->14--->8--->2--->3

(10100,1,5042,5031,5025,5019,5008)
29--->23--->17--->16--->10--->4

(10101,2,5017,5028,5039,5045,5046)
8--->14--->20--->26--->27--->28

(10102,3,5027,5016,5005)
19--->13--->7--->1

(10103,2,5041,5030,5019,5008,5003,5004)
28--->22--->16--->10--->4--->5--->6

(10104,1,5018,5029,5040,5051,5057)
9--->15--->21--->27--->33--->34

(10105,1,5010,5021,5032,5037,5042,5047,5046,5045)
6--->12--->18--->24--->23--->29--->28--->27--->26

(10106,4,5039,5028,5017,5011)
26--->20--->14--->8--->7

(10107,1,5016,5027,5038,5044)
7--->13--->19--->25--->26

(10108,4,5031,5042,5053,5059)
17--->23--->29--->35--->36

(10109,3,5051,5040,5029,5018,5012)
33--->27--->21--->15--->9--->8

(10110,2,5017,5028,5039,5050,5055)
8--->14--->20--->26--->32--->31

(10111,1,5021,5032,5043,5054,5059)
12--->18--->24--->30--->36--->35

(10112,1,5019,5030,5041,5047)
10--->16--->22--->28--->29

(10113,3,5027,5016,5005)
19--->13--->7--->1

(10114,3,5050,5039,5028,5022)
32--->26--->20--->14--->13

(10115,2,5031,5042,5053)
17--->23--->29--->35

(10116,2,5042,5031,5025,5024,5018)
29--->23--->17--->16--->15--->9

(10117,7,5050,5039,5028,5017,5012,5013)
32--->26--->20--->14--->8--->9--->10

(10118,1,5050,5039,5028,5017,5011)
32--->26--->20--->14--->8--->7

(10119,3,5010,5021,5032,5037,5036,5041,5046,5045,5044)
6--->12--->18--->24--->23--->22--->28--->27--->26--->25

(10120,1,5051,5040,5029,5023)
33--->27--->21--->15--->14

(10121,3,5027,5016,5005)
19--->13--->7--->1

(10122,1,5032,5021,5010,5004,5003)
24--->18--->12--->6--->5--->4

(10123,1,5007,5018,5029,5040,5051,5057)
3--->9--->15--->21--->27--->33--->34

(10124,2,5020,5031,5042,5053,5059)
11--->17--->23--->29--->35--->36

(10125,3,5004,5009,5020,5031,5042,5053,5058,5057)
6--->5--->11--->17--->23--->29--->35--->34--->33

(10126,1,5027,5016,5005)
19--->13--->7--->1

(10127,1,5006,5017,5028,5039,5050,5056,5057,5058,5059)
2--->8--->14--->20--->26--->32--->33--->34--->35--->36

(10128,4,5052,5041,5030,5024,5018,5012)
34--->28--->22--->16--->15--->9--->8

(10129,9,5039,5028,5017,5006,5001)
26--->20--->14--->8--->2--->3

(10130,1,5040,5029,5018,5007,5002,5003)
27--->21--->15--->9--->3--->4--->5

(10131,1,5030,5019,5008)
22--->16--->10--->4

(10132,15,5041,5030,5019,5008,5002,5001)
28--->22--->16--->10--->4--->3--->2

(10133,5,5030,5041,5052,5058)
16--->22--->28--->34--->35

(10134,3,5040,5029,5018,5007,5002,5003)
27--->21--->15--->9--->3--->4--->5

(10135,5,5049,5038,5027,5016,5005,5000)
31--->25--->19--->13--->7--->1--->2

(10136,1,5017,5028,5039,5045,5046,5047,5048)
8--->14--->20--->26--->27--->28--->29--->30

(10137,2,5029,5018,5007,5001)
21--->15--->9--->3--->2

(10138,4,5042,5031,5025,5019,5014)
29--->23--->17--->16--->10--->11

(10139,3,5028,5017,5006,5000)
20--->14--->8--->2--->1

(10140,2,5031,5025,5019,5008,5002,5001,5000)
23--->17--->16--->10--->4--->3--->2--->1

(10141,2,5020,5031,5042)
11--->17--->23--->29

(10142,5,5006,5017,5028,5039,5050,5056,5057,5058)
2--->8--->14--->20--->26--->32--->33--->34--->35

(10143,3,5053,5042,5031,5025,5019,5008,5003,5004)
35--->29--->23--->17--->16--->10--->4--->5--->6

(10144,1,5010,5021,5032,5043,5048,5047)
6--->12--->18--->24--->30--->29--->28

(10145,4,5010,5021,5032,5037,5042,5047,5046,5045)
6--->12--->18--->24--->23--->29--->28--->27--->26

(10146,21,5030,5041,5052,5058,5059)
16--->22--->28--->34--->35--->36

(10147,5,5039,5028,5017,5012,5013,5008,5003,5004)
26--->20--->14--->8--->9--->10--->4--->5--->6

(10148,1,5027,5038,5049,5055,5056,5057)
13--->19--->25--->31--->32--->33--->34

(10149,3,5032,5043,5054)
18--->24--->30--->36

(10150,2,5032,5043,5054)
18--->24--->30--->36

(10151,3,5006,5017,5028,5039,5045,5046)
2--->8--->14--->20--->26--->27--->28

(10152,2,5042,5031,5025,5019,5008,5002,5001,5000)
29--->23--->17--->16--->10--->4--->3--->2--->1

(10153,1,5028,5039,5050,5056,5057)
14--->20--->26--->32--->33--->34

(10154,4,5005,5016,5027,5038,5049,5055,5056,5057)
1--->7--->13--->19--->25--->31--->32--->33--->34

(10155,5,5041,5030,5019,5008,5002,5001)
28--->22--->16--->10--->4--->3--->2

(10156,1,5050,5039,5028,5017,5012,5013)
32--->26--->20--->14--->8--->9--->10

(10157,3,5031,5025,5019,5008,5002,5001,5000)
23--->17--->16--->10--->4--->3--->2--->1

(10158,1,5029,5040,5051,5057,5058)
15--->21--->27--->33--->34--->35

(10159,1,5016,5027,5038,5044,5045)
7--->13--->19--->25--->26--->27

(10160,4,5020,5031,5042,5048)
11--->17--->23--->29--->30

(10161,4,5050,5039,5028,5023,5018,5013,5014,5015)
32--->26--->20--->14--->15--->9--->10--->11--->12

(10162,1,5039,5028,5017,5006,5001)
26--->20--->14--->8--->2--->3

(10163,1,5028,5039,5050,5056,5057)
14--->20--->26--->32--->33--->34

(10164,2,5039,5028,5017,5006,5000)
26--->20--->14--->8--->2--->1

(10165,1,5007,5018,5029,5040,5051)
3--->9--->15--->21--->27--->33

(10166,2,5053,5042,5031,5025,5019,5014)
35--->29--->23--->17--->16--->10--->11

(10167,5,5007,5018,5029,5040,5051,5056)
3--->9--->15--->21--->27--->33--->32

(10168,2,5028,5017,5006,5000)
20--->14--->8--->2--->1

(10169,1,5006,5017,5028,5039,5050,5056,5057)
2--->8--->14--->20--->26--->32--->33--->34

(10170,1,5027,5038,5049,5055)
13--->19--->25--->31--->32

(10171,3,5006,5017,5028,5039,5050,5056)
2--->8--->14--->20--->26--->32--->33

(10172,10,5039,5028,5017,5006,5001)
26--->20--->14--->8--->2--->3

(10173,3,5053,5042,5031,5025,5024,5023,5022)
35--->29--->23--->17--->16--->15--->14--->13

(10174,3,5021,5032,5043,5054,5059)
12--->18--->24--->30--->36--->35

(10175,1,5052,5041,5030,5019,5008,5002,5001)
34--->28--->22--->16--->10--->4--->3--->2

(10176,1,5010,5021,5032,5043,5048,5047,5046)
6--->12--->18--->24--->30--->29--->28--->27

(10177,4,5027,5038,5049,5055,5056,5057,5058)
13--->19--->25--->31--->32--->33--->34--->35

(10178,4,5042,5031,5025,5019,5008,5002,5001,5000)
29--->23--->17--->16--->10--->4--->3--->2--->1

(10179,1,5008,5019,5030,5041,5052,5058)
4--->10--->16--->22--->28--->34--->35

(10180,1,5051,5040,5029,5018,5007,5001)
33--->27--->21--->15--->9--->3--->2

(10181,2,5009,5020,5031,5042,5053)
5--->11--->17--->23--->29--->35

(10182,1,5038,5027,5016)
25--->19--->13--->7

(10183,7,5009,5020,5031)
5--->11--->17--->23

(10184,1,5049,5038,5027)
31--->25--->19--->13

(10185,2,5027,5038,5049)
13--->19--->25--->31

(10186,15,5030,5041,5052)
16--->22--->28--->34

(10187,3,5007,5018,5029,5040,5046,5047)
3--->9--->15--->21--->27--->28--->29

(10188,4,5054,5043,5032,5021,5010,5004,5003,5002,5001,5000)
36--->30--->24--->18--->12--->6--->5--->4--->3--->2--->1

(10189,2,5004,5009,5020,5031,5042,5053,5059)
6--->5--->11--->17--->23--->29--->35--->36

(10190,2,5032,5021,5010,5004,5003,5002)
24--->18--->12--->6--->5--->4--->3

(10191,8,5050,5039,5028,5022)
32--->26--->20--->14--->13

(10192,1,5021,5032,5043,5054)
12--->18--->24--->30--->36

(10193,4,5019,5030,5041,5052,5058,5059)
10--->16--->22--->28--->34--->35--->36

(10194,1,5052,5041,5030,5024,5023,5022)
34--->28--->22--->16--->15--->14--->13

(10195,2,5038,5027,5016,5005)
25--->19--->13--->7--->1

(10196,2,5006,5017,5028,5039,5050,5056,5057,5058)
2--->8--->14--->20--->26--->32--->33--->34--->35

(10197,3,5040,5029,5018,5007,5002)
27--->21--->15--->9--->3--->4

(10198,3,5016,5027,5038,5049,5055,5056)
7--->13--->19--->25--->31--->32--->33

(10199,2,5043,5032,5021,5010,5004,5003,5002,5007,5012)
30--->24--->18--->12--->6--->5--->4--->3--->9--->8

(10200,15,5030,5041,5052,5058,5059)
16--->22--->28--->34--->35--->36

(10201,2,5032,5043,5054)
18--->24--->30--->36

(10202,1,5042,5031,5025,5019,5008,5002,5007,5012,5011)
29--->23--->17--->16--->10--->4--->3--->9--->8--->7

(10203,2,5031,5042,5053)
17--->23--->29--->35

(10204,3,5038,5027,5016)
25--->19--->13--->7

(10205,6,5038,5027,5016,5011,5006,5001,5002,5003)
25--->19--->13--->7--->8--->2--->3--->4--->5

(10206,3,5038,5027,5016)
25--->19--->13--->7

(10207,4,5050,5039,5028,5022)
32--->26--->20--->14--->13

(10208,5,5019,5030,5041,5052,5057)
10--->16--->22--->28--->34--->33

(10209,3,5027,5016,5005)
19--->13--->7--->1

(10210,5,5018,5029,5040,5046,5047)
9--->15--->21--->27--->28--->29

(10211,3,5021,5032,5043,5054,5059,5058,5057,5056)
12--->18--->24--->30--->36--->35--->34--->33--->32

(10212,6,5038,5027,5016,5005)
25--->19--->13--->7--->1

(10213,2,5029,5018,5007,5001,5000)
21--->15--->9--->3--->2--->1

(10214,4,5017,5028,5039,5050,5055)
8--->14--->20--->26--->32--->31

(10215,1,5027,5016,5005)
19--->13--->7--->1

(10216,3,5028,5039,5050,5056,5057,5058)
14--->20--->26--->32--->33--->34--->35

(10217,1,5021,5032,5043)
12--->18--->24--->30

(10218,1,5027,5016,5005)
19--->13--->7--->1

(10219,2,5029,5018,5007,5001)
21--->15--->9--->3--->2

(10220,4,5018,5029,5040)
9--->15--->21--->27

(10221,1,5030,5019,5008,5002,5001)
22--->16--->10--->4--->3--->2

(10222,4,5017,5028,5039,5050,5056,5057,5058)
8--->14--->20--->26--->32--->33--->34--->35

(10223,1,5030,5041,5052,5058,5059)
16--->22--->28--->34--->35--->36

(10224,5,5008,5019,5030)
4--->10--->16--->22

(10225,1,5021,5032,5043)
12--->18--->24--->30

(10226,2,5007,5018,5029,5040,5046)
3--->9--->15--->21--->27--->28

(10227,2,5041,5030,5019,5008,5002,5007,5012,5011)
28--->22--->16--->10--->4--->3--->9--->8--->7

(10228,5,5019,5030,5041,5052,5057,5056)
10--->16--->22--->28--->34--->33--->32

(10229,5,5039,5028,5017)
26--->20--->14--->8

(10230,5,5042,5031,5025,5019,5008,5002,5001,5000)
29--->23--->17--->16--->10--->4--->3--->2--->1

(10231,1,5054,5043,5032,5021,5010,5004,5003,5002)
36--->30--->24--->18--->12--->6--->5--->4--->3

(10232,5,5042,5031,5025,5019,5008,5002,5001,5000)
29--->23--->17--->16--->10--->4--->3--->2--->1

(10233,2,5019,5030,5041,5052,5058,5059)
10--->16--->22--->28--->34--->35--->36

(10234,1,5008,5019,5030,5041)
4--->10--->16--->22--->28

(10235,21,5030,5041,5052,5058)
16--->22--->28--->34--->35

(10236,4,5005,5016,5027,5038,5049,5055)
1--->7--->13--->19--->25--->31--->32

(10237,12,5018,5029,5040,5051,5057,5058)
9--->15--->21--->27--->33--->34--->35

(10238,2,5052,5041,5030,5019,5008,5002)
34--->28--->22--->16--->10--->4--->3

(10239,2,5040,5029,5018,5007)
27--->21--->15--->9--->3

(10240,1,5052,5041,5030,5024)
34--->28--->22--->16--->15

(10241,2,5020,5031,5042,5053,5058,5057)
11--->17--->23--->29--->35--->34--->33

(10242,3,5029,5040,5051,5057,5058,5059)
15--->21--->27--->33--->34--->35--->36

(10243,1,5049,5038,5027,5022,5017,5012,5013,5014)
31--->25--->19--->13--->14--->8--->9--->10--->11

(10244,1,5027,5038,5049,5055,5056,5057,5058)
13--->19--->25--->31--->32--->33--->34--->35

(10245,2,5027,5016,5005)
19--->13--->7--->1

(10246,10,5042,5031,5025,5019,5008,5002,5001)
29--->23--->17--->16--->10--->4--->3--->2

(10247,4,5017,5028,5039)
8--->14--->20--->26

(10248,1,5009,5020,5031,5042,5053,5059)
5--->11--->17--->23--->29--->35--->36

(10249,2,5027,5038,5049)
13--->19--->25--->31

(10250,3,5032,5021,5010)
24--->18--->12--->6

(10251,2,5043,5032,5021,5010,5004,5003,5002,5001,5000)
30--->24--->18--->12--->6--->5--->4--->3--->2--->1

(10252,1,5031,5042,5053)
17--->23--->29--->35

(10253,5,5008,5019,5030,5041,5052)
4--->10--->16--->22--->28--->34

(10254,3,5043,5032,5021)
30--->24--->18--->12

(10255,2,5051,5040,5029,5018,5007,5002,5003)
33--->27--->21--->15--->9--->3--->4--->5

(10256,2,5042,5031,5025,5019,5008,5002,5001,5000)
29--->23--->17--->16--->10--->4--->3--->2--->1

(10257,3,5032,5021,5010,5004,5003,5002,5001,5000)
24--->18--->12--->6--->5--->4--->3--->2--->1

(10258,3,5051,5040,5029,5018,5007,5002,5003)
33--->27--->21--->15--->9--->3--->4--->5

(10259,1,5030,5041,5052,5058)
16--->22--->28--->34--->35

(10260,3,5052,5041,5030,5024,5018)
34--->28--->22--->16--->15--->9

(10261,6,5049,5038,5027,5016,5005,5000,5001,5002)
31--->25--->19--->13--->7--->1--->2--->3--->4

(10262,2,5027,5016,5005)
19--->13--->7--->1

(10263,9,5019,5030,5041,5052,5057,5056,5055)
10--->16--->22--->28--->34--->33--->32--->31

(10264,16,5030,5041,5052,5058,5059)
16--->22--->28--->34--->35--->36

(10265,4,5031,5025,5019,5008)
23--->17--->16--->10--->4

(10266,4,5010,5021,5032,5043,5048)
6--->12--->18--->24--->30--->29

(10267,11,5042,5031,5025,5019,5014)
29--->23--->17--->16--->10--->11

(10268,25,5041,5030,5019,5008,5002,5001,5000)
28--->22--->16--->10--->4--->3--->2--->1

(10269,4,5031,5025,5019,5008,5002,5001,5000)
23--->17--->16--->10--->4--->3--->2--->1

(10270,1,5027,5038,5049,5055,5056,5057,5058,5059)
13--->19--->25--->31--->32--->33--->34--->35--->36

(10271,2,5019,5030,5041)
10--->16--->22--->28

(10272,4,5029,5018,5007)
21--->15--->9--->3

(10273,2,5017,5028,5039,5050,5056)
8--->14--->20--->26--->32--->33

(10274,2,5040,5029,5018,5007,5001)
27--->21--->15--->9--->3--->2

(10275,5,5007,5018,5029,5035,5036,5037)
3--->9--->15--->21--->22--->23--->24

(10276,2,5017,5028,5039,5050,5056,5057,5058)
8--->14--->20--->26--->32--->33--->34--->35

(10277,3,5042,5031,5025,5019,5008,5002,5001,5000)
29--->23--->17--->16--->10--->4--->3--->2--->1

(10278,2,5043,5032,5021,5010,5004,5003,5002,5007)
30--->24--->18--->12--->6--->5--->4--->3--->9

(10279,1,5030,5041,5052,5058)
16--->22--->28--->34--->35

(10280,5,5050,5039,5028,5017,5012,5013)
32--->26--->20--->14--->8--->9--->10

(10281,2,5020,5031,5042,5053)
11--->17--->23--->29--->35

(10282,2,5004,5009,5020,5031,5042,5053,5058)
6--->5--->11--->17--->23--->29--->35--->34

(10283,5,5006,5017,5028,5034,5035,5036)
2--->8--->14--->20--->21--->22--->23

(10284,2,5004,5009,5020,5031,5042,5053,5058,5057)
6--->5--->11--->17--->23--->29--->35--->34--->33

(10285,1,5032,5021,5010)
24--->18--->12--->6

(10286,4,5018,5029,5040,5046)
9--->15--->21--->27--->28

(10287,10,5039,5028,5017,5006)
26--->20--->14--->8--->2

(10288,1,5030,5041,5052,5058)
16--->22--->28--->34--->35

(10289,8,5049,5038,5027,5016,5011,5012,5013)
31--->25--->19--->13--->7--->8--->9--->10

(10290,2,5050,5039,5028,5023,5018,5013,5014,5015)
32--->26--->20--->14--->15--->9--->10--->11--->12

(10291,3,5027,5016,5005)
19--->13--->7--->1

(10292,2,5030,5041,5052,5058)
16--->22--->28--->34--->35

(10293,4,5020,5031,5042)
11--->17--->23--->29

(10294,8,5049,5038,5027,5022,5023,5018,5013,5014,5015)
31--->25--->19--->13--->14--->15--->9--->10--->11--->12

(10295,1,5042,5031,5025,5019,5008,5003)
29--->23--->17--->16--->10--->4--->5

(10296,2,5049,5038,5027,5016,5005,5000,5001,5002)
31--->25--->19--->13--->7--->1--->2--->3--->4

(10297,1,5042,5031,5025,5019,5008,5002,5001)
29--->23--->17--->16--->10--->4--->3--->2

(10298,2,5021,5032,5043)
12--->18--->24--->30

(10299,1,5029,5018,5007,5001)
21--->15--->9--->3--->2

(10300,1,5005,5016,5027,5038,5049,5055,5056,5057,5058,5059)
1--->7--->13--->19--->25--->31--->32--->33--->34--->35--->36

(10301,3,5029,5040,5051,5057,5058,5059)
15--->21--->27--->33--->34--->35--->36

(10302,2,5029,5018,5007)
21--->15--->9--->3

(10303,4,5038,5027,5016,5005,5000,5001)
25--->19--->13--->7--->1--->2--->3

(10304,2,5028,5039,5050,5056)
14--->20--->26--->32--->33

(10305,2,5030,5041,5052,5058)
16--->22--->28--->34--->35

(10306,6,5039,5028,5017,5011)
26--->20--->14--->8--->7

(10307,7,5009,5020,5031,5036,5041,5046,5045,5044)
5--->11--->17--->23--->22--->28--->27--->26--->25

(10308,4,5021,5032,5043,5054,5059,5058)
12--->18--->24--->30--->36--->35--->34

(10309,9,5049,5038,5027,5016,5011,5006,5001,5002,5003)
31--->25--->19--->13--->7--->8--->2--->3--->4--->5

(10310,1,5017,5028,5039,5045)
8--->14--->20--->26--->27

(10311,1,5018,5029,5040,5046)
9--->15--->21--->27--->28

(10312,4,5054,5043,5032,5021,5010,5004,5003,5002)
36--->30--->24--->18--->12--->6--->5--->4--->3

(10313,13,5018,5029,5040)
9--->15--->21--->27

(10314,2,5028,5017,5006,5000)
20--->14--->8--->2--->1

(10315,9,5049,5038,5027,5016,5011,5012,5013)
31--->25--->19--->13--->7--->8--->9--->10

(10316,7,5039,5028,5017,5006,5000)
26--->20--->14--->8--->2--->1

(10317,1,5052,5041,5030,5019,5008,5002)
34--->28--->22--->16--->10--->4--->3

(10318,3,5032,5043,5054)
18--->24--->30--->36

(10319,2,5027,5016,5005)
19--->13--->7--->1

(10320,3,5051,5040,5029,5018)
33--->27--->21--->15--->9

(10321,2,5009,5020,5031,5042,5053,5059)
5--->11--->17--->23--->29--->35--->36

(10322,3,5017,5028,5039,5045,5046,5047)
8--->14--->20--->26--->27--->28--->29

(10323,2,5040,5029,5018,5007,5001,5000)
27--->21--->15--->9--->3--->2--->1

(10324,6,5007,5018,5029,5040,5051,5057,5058)
3--->9--->15--->21--->27--->33--->34--->35

(10325,4,5029,5018,5007,5001)
21--->15--->9--->3--->2

(10326,11,5042,5031,5025,5024,5018)
29--->23--->17--->16--->15--->9

(10327,4,5038,5027,5016,5005,5000)
25--->19--->13--->7--->1--->2

(10328,8,5050,5039,5028,5017)
32--->26--->20--->14--->8

(10329,2,5031,5025,5019,5008,5002,5001)
23--->17--->16--->10--->4--->3--->2

(10330,3,5028,5039,5050,5056,5057,5058,5059)
14--->20--->26--->32--->33--->34--->35--->36

(10331,2,5005,5016,5027,5038,5049)
1--->7--->13--->19--->25--->31

(10332,2,5020,5031,5042,5053,5058,5057)
11--->17--->23--->29--->35--->34--->33

(10333,5,5029,5018,5007,5001,5000)
21--->15--->9--->3--->2--->1

(10334,1,5008,5019,5030,5041,5052,5058,5059)
4--->10--->16--->22--->28--->34--->35--->36

(10335,1,5029,5018,5007,5001)
21--->15--->9--->3--->2

(10336,2,5008,5019,5030,5041,5052,5058,5059)
4--->10--->16--->22--->28--->34--->35--->36

(10337,4,5052,5041,5030,5019,5008,5003)
34--->28--->22--->16--->10--->4--->5

(10338,4,5051,5040,5029,5018,5012,5011)
33--->27--->21--->15--->9--->8--->7

(10339,4,5021,5032,5043)
12--->18--->24--->30

(10340,3,5032,5021,5010,5004,5003,5002,5001,5000)
24--->18--->12--->6--->5--->4--->3--->2--->1

(10341,2,5010,5021,5032,5043,5048,5047)
6--->12--->18--->24--->30--->29--->28

(10342,1,5009,5020,5031)
5--->11--->17--->23

(10343,5,5031,5042,5053,5059)
17--->23--->29--->35--->36

(10344,4,5027,5016,5005)
19--->13--->7--->1

(10345,2,5030,5019,5008,5002)
22--->16--->10--->4--->3

(10346,2,5004,5009,5020,5031,5042,5053,5059)
6--->5--->11--->17--->23--->29--->35--->36

(10347,22,5030,5041,5052,5058)
16--->22--->28--->34--->35

(10348,2,5004,5009,5020,5031,5042,5053,5058)
6--->5--->11--->17--->23--->29--->35--->34

(10349,7,5039,5028,5017,5006,5001,5002,5003)
26--->20--->14--->8--->2--->3--->4--->5

(10350,2,5050,5039,5028,5017,5012,5013,5014)
32--->26--->20--->14--->8--->9--->10--->11

(10351,2,5016,5027,5038,5049,5055,5056,5057)
7--->13--->19--->25--->31--->32--->33--->34

(10352,1,5043,5032,5021,5010)
30--->24--->18--->12--->6

(10353,4,5051,5040,5029,5018,5007)
33--->27--->21--->15--->9--->3

(10354,10,5049,5038,5027,5016,5011,5012,5013)
31--->25--->19--->13--->7--->8--->9--->10

(10355,2,5051,5040,5029,5018,5013)
33--->27--->21--->15--->9--->10

(10356,3,5032,5043,5054)
18--->24--->30--->36

(10357,3,5042,5031,5025,5024,5018,5012)
29--->23--->17--->16--->15--->9--->8

(10358,4,5006,5017,5028,5039,5044)
2--->8--->14--->20--->26--->25

(10359,1,5004,5009,5020,5031,5042,5053,5058,5057,5056,5055)
6--->5--->11--->17--->23--->29--->35--->34--->33--->32--->31

(10360,2,5032,5021,5010,5004)
24--->18--->12--->6--->5

(10361,6,5007,5018,5029,5040,5045,5044)
3--->9--->15--->21--->27--->26--->25

(10362,8,5019,5030,5041,5052,5057,5056)
10--->16--->22--->28--->34--->33--->32

(10363,5,5052,5041,5030,5024,5018,5012)
34--->28--->22--->16--->15--->9--->8

(10364,2,5029,5018,5007,5001)
21--->15--->9--->3--->2

(10365,2,5021,5032,5043)
12--->18--->24--->30

(10366,1,5028,5039,5050,5056,5057,5058,5059)
14--->20--->26--->32--->33--->34--->35--->36

(10367,3,5052,5041,5030,5019,5008,5002,5001,5000)
34--->28--->22--->16--->10--->4--->3--->2--->1

(10368,1,5029,5040,5051,5057,5058,5059)
15--->21--->27--->33--->34--->35--->36

(10369,2,5032,5021,5010)
24--->18--->12--->6

(10370,5,5010,5021,5032,5043,5048,5047)
6--->12--->18--->24--->30--->29--->28

(10371,2,5021,5032,5043,5054,5059,5058)
12--->18--->24--->30--->36--->35--->34

(10372,12,5042,5031,5025,5019,5014)
29--->23--->17--->16--->10--->11

(10373,2,5018,5029,5040,5046)
9--->15--->21--->27--->28

(10374,3,5032,5021,5010,5004,5003)
24--->18--->12--->6--->5--->4

(10375,7,5038,5027,5016,5005,5000)
25--->19--->13--->7--->1--->2

(10376,2,5054,5043,5032,5021,5015)
36--->30--->24--->18--->12--->11

(10377,5,5010,5021,5032)
6--->12--->18--->24

(10378,3,5019,5030,5041,5052,5057,5056,5055)
10--->16--->22--->28--->34--->33--->32--->31

(10379,9,5050,5039,5028,5017)
32--->26--->20--->14--->8

(10380,6,5021,5032,5043,5054,5059,5058,5057,5056,5055)
12--->18--->24--->30--->36--->35--->34--->33--->32--->31

(10381,3,5028,5039,5050,5056,5057,5058,5059)
14--->20--->26--->32--->33--->34--->35--->36

(10382,1,5004,5009,5020,5031,5042,5053,5058,5057,5056,5055)
6--->5--->11--->17--->23--->29--->35--->34--->33--->32--->31

(10383,2,5032,5021,5010,5004,5003,5002,5001,5000)
24--->18--->12--->6--->5--->4--->3--->2--->1

(10384,3,5008,5019,5030,5041,5052,5057,5056,5055)
4--->10--->16--->22--->28--->34--->33--->32--->31

(10385,2,5010,5021,5032,5043,5048)
6--->12--->18--->24--->30--->29

(10386,1,5054,5043,5032,5021,5015,5014)
36--->30--->24--->18--->12--->11--->10

(10387,6,5049,5038,5027,5016,5005,5000,5001)
31--->25--->19--->13--->7--->1--->2--->3

(10388,2,5049,5038,5027,5022,5023,5018,5013,5014,5015)
31--->25--->19--->13--->14--->15--->9--->10--->11--->12

(10389,5,5005,5016,5027,5038)
1--->7--->13--->19--->25

(10390,4,5032,5021,5010,5004,5003)
24--->18--->12--->6--->5--->4

(10391,5,5038,5027,5016,5011,5006,5001,5002,5003)
25--->19--->13--->7--->8--->2--->3--->4--->5

(10392,1,5028,5017,5006)
20--->14--->8--->2

(10393,3,5028,5017,5006,5000)
20--->14--->8--->2--->1

(10394,2,5029,5040,5051,5057)
15--->21--->27--->33--->34

(10395,5,5031,5025,5019,5008,5003)
23--->17--->16--->10--->4--->5

(10396,5,5018,5029,5040,5051,5056)
9--->15--->21--->27--->33--->32

(10397,1,5027,5038,5049,5055,5056,5057,5058)
13--->19--->25--->31--->32--->33--->34--->35

(10398,3,5027,5038,5049,5055)
13--->19--->25--->31--->32

(10399,16,5030,5041,5052,5058)
16--->22--->28--->34--->35

(10400,13,5018,5029,5040)
9--->15--->21--->27

(10401,3,5004,5009,5020,5031,5042,5053,5059)
6--->5--->11--->17--->23--->29--->35--->36

(10402,2,5039,5028,5017,5006,5000)
26--->20--->14--->8--->2--->1

(10403,9,5019,5030,5041,5052,5058,5059)
10--->16--->22--->28--->34--->35--->36

(10404,2,5031,5042,5053)
17--->23--->29--->35

(10405,4,5027,5016,5005)
19--->13--->7--->1

(10406,2,5028,5039,5050)
14--->20--->26--->32

(10407,1,5054,5043,5032)
36--->30--->24--->18

(10408,3,5028,5017,5006,5000)
20--->14--->8--->2--->1

(10409,1,5053,5042,5031,5025,5019,5008,5003)
35--->29--->23--->17--->16--->10--->4--->5

(10410,3,5029,5040,5051,5057,5058)
15--->21--->27--->33--->34--->35

(10411,3,5027,5038,5049)
13--->19--->25--->31

(10412,3,5053,5042,5031,5025,5019,5008,5002)
35--->29--->23--->17--->16--->10--->4--->3

(10413,2,5031,5042,5053)
17--->23--->29--->35

(10414,3,5053,5042,5031,5025,5019,5008,5003)
35--->29--->23--->17--->16--->10--->4--->5

(10415,7,5049,5038,5027,5016,5011,5006,5001,5002,5003)
31--->25--->19--->13--->7--->8--->2--->3--->4--->5

(10416,5,5031,5025,5019,5008,5002)
23--->17--->16--->10--->4--->3

(10417,9,5009,5020,5031,5042,5053,5058,5057,5056)
5--->11--->17--->23--->29--->35--->34--->33--->32

(10418,2,5021,5032,5043,5054,5059,5058)
12--->18--->24--->30--->36--->35--->34

(10419,2,5008,5019,5030,5041,5052,5057,5056,5055)
4--->10--->16--->22--->28--->34--->33--->32--->31

(10420,3,5032,5021,5010,5004,5003,5002,5001)
24--->18--->12--->6--->5--->4--->3--->2

(10421,3,5039,5028,5017,5006,5001,5002)
26--->20--->14--->8--->2--->3--->4

(10422,3,5020,5031,5042,5053)
11--->17--->23--->29--->35

(10423,5,5031,5042,5053,5059)
17--->23--->29--->35--->36

(10424,4,5028,5017,5006)
20--->14--->8--->2

(10425,2,5006,5017,5028,5039,5045)
2--->8--->14--->20--->26--->27

(10426,3,5032,5021,5010,5004,5003,5002,5001)
24--->18--->12--->6--->5--->4--->3--->2

(10427,3,5016,5027,5038,5049,5055,5056,5057,5058)
7--->13--->19--->25--->31--->32--->33--->34--->35

(10428,4,5004,5009,5020,5031,5042,5053)
6--->5--->11--->17--->23--->29--->35

(10429,5,5005,5016,5027,5038,5049,5055,5056,5057,5058,5059)
1--->7--->13--->19--->25--->31--->32--->33--->34--->35--->36

(10430,1,5027,5038,5049,5055,5056,5057)
13--->19--->25--->31--->32--->33--->34

(10431,3,5028,5039,5050,5056,5057,5058)
14--->20--->26--->32--->33--->34--->35

(10432,3,5049,5038,5027,5016,5011,5012,5013,5008,5003,5004)
31--->25--->19--->13--->7--->8--->9--->10--->4--->5--->6

(10433,1,5032,5021,5010,5004,5003,5002,5001,5000)
24--->18--->12--->6--->5--->4--->3--->2--->1

(10434,14,5041,5030,5019,5008,5002,5001)
28--->22--->16--->10--->4--->3--->2

(10435,3,5050,5039,5028,5017)
32--->26--->20--->14--->8

(10436,6,5031,5042,5053,5059)
17--->23--->29--->35--->36

(10437,4,5041,5030,5024,5018,5012)
28--->22--->16--->15--->9--->8

(10438,3,5029,5018,5007,5001)
21--->15--->9--->3--->2

(10439,4,5008,5019,5030,5041,5046)
4--->10--->16--->22--->28--->27

(10440,2,5016,5027,5038,5049,5055,5056)
7--->13--->19--->25--->31--->32--->33

(10441,3,5008,5019,5030,5041,5052,5057)
4--->10--->16--->22--->28--->34--->33

(10442,1,5032,5021,5010,5004,5003,5002,5001,5000)
24--->18--->12--->6--->5--->4--->3--->2--->1

(10443,5,5050,5039,5028,5017,5012)
32--->26--->20--->14--->8--->9

(10444,3,5030,5019,5008,5002,5001,5000)
22--->16--->10--->4--->3--->2--->1

(10445,3,5019,5030,5041,5052,5057,5056,5055)
10--->16--->22--->28--->34--->33--->32--->31

(10446,2,5051,5040,5029,5023)
33--->27--->21--->15--->14

(10447,1,5052,5041,5030,5024)
34--->28--->22--->16--->15

(10448,3,5020,5031,5042,5048)
11--->17--->23--->29--->30

(10449,1,5040,5029,5018,5013,5008,5003,5004)
27--->21--->15--->9--->10--->4--->5--->6

(10450,1,5030,5019,5008,5002)
22--->16--->10--->4--->3

(10451,6,5005,5016,5027,5038,5044,5045,5046,5047,5048)
1--->7--->13--->19--->25--->26--->27--->28--->29--->30

(10452,3,5053,5042,5031,5025,5019,5008,5002,5001)
35--->29--->23--->17--->16--->10--->4--->3--->2

(10453,3,5049,5038,5027,5022,5023,5018,5013,5014,5015)
31--->25--->19--->13--->14--->15--->9--->10--->11--->12

(10454,1,5032,5043,5054)
18--->24--->30--->36

(10455,9,5031,5025,5019,5008,5002)
23--->17--->16--->10--->4--->3

(10456,9,5031,5025,5019,5008,5002,5001)
23--->17--->16--->10--->4--->3--->2

(10457,1,5017,5028,5039,5050,5055)
8--->14--->20--->26--->32--->31

(10458,3,5053,5042,5031,5025)
35--->29--->23--->17--->16

(10459,2,5005,5016,5027,5038,5049)
1--->7--->13--->19--->25--->31

(10460,4,5020,5031,5042,5053,5058,5057)
11--->17--->23--->29--->35--->34--->33

(10461,1,5040,5029,5018,5007,5001,5000)
27--->21--->15--->9--->3--->2--->1

(10462,4,5043,5032,5021,5010,5004,5003,5002,5007,5012)
30--->24--->18--->12--->6--->5--->4--->3--->9--->8

(10463,2,5007,5018,5029,5040,5045,5044)
3--->9--->15--->21--->27--->26--->25

(10464,4,5027,5038,5049)
13--->19--->25--->31

(10465,8,5039,5028,5017,5006)
26--->20--->14--->8--->2

(10466,1,5040,5029,5018)
27--->21--->15--->9

(10467,3,5005,5016,5027,5038)
1--->7--->13--->19--->25

(10468,3,5031,5025,5019,5008,5002,5001,5000)
23--->17--->16--->10--->4--->3--->2--->1

(10469,3,5016,5027,5038,5044,5045)
7--->13--->19--->25--->26--->27

(10470,1,5052,5041,5030,5024,5023,5022)
34--->28--->22--->16--->15--->14--->13

(10471,5,5021,5032,5043,5054,5059,5058,5057)
12--->18--->24--->30--->36--->35--->34--->33

(10472,3,5032,5043,5054)
18--->24--->30--->36

(10473,4,5032,5021,5010)
24--->18--->12--->6

(10474,3,5017,5028,5039,5050,5056,5057,5058,5059)
8--->14--->20--->26--->32--->33--->34--->35--->36

(10475,3,5004,5009,5020,5031,5042,5053,5058,5057,5056)
6--->5--->11--->17--->23--->29--->35--->34--->33--->32

(10476,4,5027,5016,5005)
19--->13--->7--->1

(10477,5,5054,5043,5032,5021,5010,5004,5003,5002,5001)
36--->30--->24--->18--->12--->6--->5--->4--->3--->2

(10478,2,5030,5019,5008,5002,5001,5000)
22--->16--->10--->4--->3--->2--->1

(10479,6,5006,5017,5028,5034,5035,5036,5037)
2--->8--->14--->20--->21--->22--->23--->24

(10480,7,5007,5018,5029,5040,5051)
3--->9--->15--->21--->27--->33

(10481,3,5010,5021,5032,5037,5036,5041,5046,5045,5044)
6--->12--->18--->24--->23--->22--->28--->27--->26--->25

(10482,3,5052,5041,5030,5019,5008,5003)
34--->28--->22--->16--->10--->4--->5

(10483,3,5052,5041,5030,5019,5014)
34--->28--->22--->16--->10--->11

(10484,1,5029,5040,5051,5057,5058,5059)
15--->21--->27--->33--->34--->35--->36

(10485,4,5007,5018,5029,5040,5046,5047,5048)
3--->9--->15--->21--->27--->28--->29--->30

(10486,5,5021,5032,5043,5054,5059)
12--->18--->24--->30--->36--->35

(10487,2,5040,5029,5018)
27--->21--->15--->9

(10488,2,5040,5029,5018,5012,5011)
27--->21--->15--->9--->8--->7

(10489,5,5029,5018,5007)
21--->15--->9--->3

(10490,4,5028,5039,5050,5056,5057,5058,5059)
14--->20--->26--->32--->33--->34--->35--->36

(10491,4,5043,5032,5021,5015)
30--->24--->18--->12--->11

(10492,2,5040,5029,5018,5012,5011)
27--->21--->15--->9--->8--->7

(10493,3,5039,5028,5017,5012,5013,5008,5003,5004)
26--->20--->14--->8--->9--->10--->4--->5--->6

(10494,10,5031,5025,5019,5008,5003)
23--->17--->16--->10--->4--->5

(10495,2,5028,5039,5050)
14--->20--->26--->32

(10496,3,5053,5042,5031,5025,5019,5008,5003,5004)
35--->29--->23--->17--->16--->10--->4--->5--->6

(10497,3,5017,5028,5039,5045,5046,5047,5048)
8--->14--->20--->26--->27--->28--->29--->30

(10498,2,5028,5017,5006,5000)
20--->14--->8--->2--->1

(10499,3,5027,5038,5049)
13--->19--->25--->31

(10500,3,5032,5043,5054)
18--->24--->30--->36

(10501,4,5030,5041,5052,5058)
16--->22--->28--->34--->35

(10502,4,5043,5032,5021,5010,5004,5003)
30--->24--->18--->12--->6--->5--->4

(10503,19,5039,5028,5017,5006,5000)
26--->20--->14--->8--->2--->1

(10504,1,5029,5040,5051,5057)
15--->21--->27--->33--->34

(10505,4,5032,5021,5010,5004,5003,5002)
24--->18--->12--->6--->5--->4--->3

(10506,4,5008,5019,5030,5036,5037)
4--->10--->16--->22--->23--->24

(10507,6,5005,5016,5027,5038,5049)
1--->7--->13--->19--->25--->31

(10508,5,5021,5032,5043)
12--->18--->24--->30

(10509,4,5006,5017,5028,5039,5050,5055)
2--->8--->14--->20--->26--->32--->31

(10510,4,5041,5030,5019,5008,5002,5007,5012,5011)
28--->22--->16--->10--->4--->3--->9--->8--->7

(10511,1,5016,5027,5038,5049,5055)
7--->13--->19--->25--->31--->32

