#(id,length,speed,channel,from,to,isDuplex)
(5000,24,8,3,1,2,1)
(5001,19,3,1,1,28,1)
(5002,20,1,5,2,3,1)
(5003,19,7,2,2,29,1)
(5004,18,1,1,3,4,1)
(5005,16,2,2,3,30,1)
(5006,20,3,5,4,5,1)
(5007,17,8,2,4,31,1)
(5008,12,7,3,5,6,1)
(5009,16,4,5,5,32,1)
(5010,19,6,4,6,7,1)
(5011,16,1,1,6,33,1)
(5012,21,1,1,7,8,1)
(5013,22,8,2,7,34,1)
(5014,23,4,2,8,9,1)
(5015,12,1,3,8,35,1)
(5016,13,6,5,9,10,1)
(5017,18,4,2,9,36,1)
(5018,23,4,4,10,11,1)
(5019,16,8,5,10,37,1)
(5020,13,2,1,11,12,1)
(5021,22,2,2,11,38,1)
(5022,18,8,1,12,13,1)
(5023,23,1,3,12,39,1)
(5024,20,8,3,13,14,1)
(5025,17,7,2,13,40,1)
(5026,17,2,3,14,15,1)
(5027,18,1,1,14,41,1)
(5028,13,7,1,15,16,1)
(5029,20,3,2,15,42,1)
(5030,16,5,5,16,17,1)
(5031,15,6,4,16,43,1)
(5032,19,6,2,17,18,1)
(5033,23,7,2,17,44,1)
(5034,12,7,3,18,19,1)
(5035,17,6,2,18,45,1)
(5036,14,6,5,19,20,1)
(5037,20,8,5,19,46,1)
(5038,19,4,3,20,21,1)
(5039,21,8,3,20,47,1)
(5040,18,7,2,21,22,1)
(5041,17,6,2,21,48,1)
(5042,17,5,2,22,23,1)
(5043,15,4,2,22,49,1)
(5044,14,2,2,23,24,1)
(5045,13,3,4,23,50,1)
(5046,13,7,4,24,25,1)
(5047,17,2,1,24,51,1)
(5048,11,7,1,25,26,1)
(5049,15,3,4,25,52,1)
(5050,20,3,2,26,27,1)
(5051,21,2,4,26,53,1)
(5052,22,1,4,27,54,1)
(5053,24,6,4,28,29,1)
(5054,17,1,5,28,55,1)
(5055,20,2,5,29,30,1)
(5056,24,7,5,29,56,1)
(5057,14,8,2,30,31,1)
(5058,13,5,5,30,57,1)
(5059,17,5,5,31,32,1)
(5060,21,2,2,31,58,1)
(5061,15,7,3,32,33,1)
(5062,13,3,5,32,59,1)
(5063,24,2,1,33,34,1)
(5064,24,3,1,33,60,1)
(5065,14,4,1,34,35,1)
(5066,18,4,2,34,61,1)
(5067,17,6,1,35,36,1)
(5068,14,3,1,35,62,1)
(5069,10,4,4,36,37,1)
(5070,17,2,2,36,63,1)
(5071,21,1,2,37,38,1)
(5072,20,8,3,37,64,1)
(5073,22,1,4,38,39,1)
(5074,16,1,3,38,65,1)
(5075,14,8,3,39,40,1)
(5076,12,1,3,39,66,1)
(5077,12,2,3,40,41,1)
(5078,13,4,4,40,67,1)
(5079,15,5,4,41,42,1)
(5080,17,8,2,41,68,1)
(5081,13,7,5,42,43,1)
(5082,21,4,5,42,69,1)
(5083,23,6,2,43,44,1)
(5084,18,2,5,43,70,1)
(5085,20,2,4,44,45,1)
(5086,17,6,4,44,71,1)
(5087,15,4,1,45,46,1)
(5088,17,4,1,45,72,1)
(5089,13,2,1,46,47,1)
(5090,15,3,1,46,73,1)
(5091,14,7,4,47,48,1)
(5092,21,5,5,47,74,1)
(5093,10,7,5,48,49,1)
(5094,17,6,1,48,75,1)
(5095,19,4,1,49,50,1)
(5096,13,4,1,49,76,1)
(5097,14,2,3,50,51,1)
(5098,21,3,1,50,77,1)
(5099,17,1,1,51,52,1)
(5100,15,8,3,51,78,1)
(5101,24,8,2,52,53,1)
(5102,17,2,3,52,79,1)
(5103,11,5,3,53,54,1)
(5104,11,1,3,53,80,1)
(5105,22,7,2,54,81,1)
(5106,11,6,3,55,56,1)
(5107,19,5,2,55,82,1)
(5108,23,5,3,56,57,1)
(5109,13,2,2,56,83,1)
(5110,15,8,2,57,58,1)
(5111,22,7,1,57,84,1)
(5112,22,4,5,58,59,1)
(5113,10,4,1,58,85,1)
(5114,22,2,2,59,60,1)
(5115,15,1,1,59,86,1)
(5116,20,2,3,60,61,1)
(5117,22,1,2,60,87,1)
(5118,19,2,2,61,62,1)
(5119,19,8,5,61,88,1)
(5120,15,6,5,62,63,1)
(5121,22,4,4,62,89,1)
(5122,13,2,3,63,64,1)
(5123,13,2,3,63,90,1)
(5124,22,4,1,64,65,1)
(5125,19,3,3,64,91,1)
(5126,12,4,3,65,66,1)
(5127,19,1,5,65,92,1)
(5128,22,4,1,66,67,1)
(5129,17,7,2,66,93,1)
(5130,19,4,3,67,68,1)
(5131,18,8,2,67,94,1)
(5132,19,4,2,68,69,1)
(5133,14,7,5,68,95,1)
(5134,12,7,5,69,70,1)
(5135,22,3,4,69,96,1)
(5136,17,2,3,70,71,1)
(5137,21,1,4,70,97,1)
(5138,21,4,1,71,72,1)
(5139,14,7,3,71,98,1)
(5140,12,5,3,72,73,1)
(5141,12,4,3,72,99,1)
(5142,17,2,2,73,74,1)
(5143,17,4,3,73,100,1)
(5144,20,3,1,74,75,1)
(5145,15,2,3,74,101,1)
(5146,22,1,2,75,76,1)
(5147,13,1,3,75,102,1)
(5148,23,2,1,76,77,1)
(5149,16,5,5,76,103,1)
(5150,15,2,5,77,78,1)
(5151,18,5,4,77,104,1)
(5152,22,2,1,78,79,1)
(5153,23,2,3,78,105,1)
(5154,16,6,1,79,80,1)
(5155,12,2,1,79,106,1)
(5156,14,8,1,80,81,1)
(5157,14,3,4,80,107,1)
(5158,23,3,5,81,108,1)
(5159,21,3,3,82,83,1)
(5160,24,2,5,82,109,1)
(5161,19,2,3,83,84,1)
(5162,13,3,2,83,110,1)
(5163,15,8,1,84,85,1)
(5164,15,7,2,84,111,1)
(5165,21,7,1,85,86,1)
(5166,17,2,2,85,112,1)
(5167,15,8,4,86,87,1)
(5168,21,1,4,86,113,1)
(5169,21,1,5,87,88,1)
(5170,21,6,2,87,114,1)
(5171,22,4,3,88,89,1)
(5172,19,6,2,88,115,1)
(5173,18,6,2,89,90,1)
(5174,20,6,4,89,116,1)
(5175,18,1,1,90,91,1)
(5176,20,8,5,90,117,1)
(5177,21,5,5,91,92,1)
(5178,11,7,1,91,118,1)
(5179,24,8,3,92,93,1)
(5180,14,4,1,92,119,1)
(5181,15,5,4,93,94,1)
(5182,13,7,3,93,120,1)
(5183,12,2,4,94,95,1)
(5184,11,7,1,94,121,1)
(5185,23,5,4,95,96,1)
(5186,12,4,2,95,122,1)
(5187,13,4,3,96,97,1)
(5188,14,7,4,96,123,1)
(5189,21,1,1,97,98,1)
(5190,22,3,5,97,124,1)
(5191,23,6,2,98,99,1)
(5192,19,4,5,98,125,1)
(5193,21,7,2,99,100,1)
(5194,20,5,5,99,126,1)
(5195,19,5,3,100,101,1)
(5196,15,5,1,100,127,1)
(5197,15,7,1,101,102,1)
(5198,16,2,1,101,128,1)
(5199,23,5,4,102,103,1)
(5200,24,2,3,102,129,1)
(5201,16,6,2,103,104,1)
(5202,10,5,1,103,130,1)
(5203,24,3,5,104,105,1)
(5204,21,7,5,104,131,1)
(5205,10,4,1,105,106,1)
(5206,23,4,3,105,132,1)
(5207,23,5,5,106,107,1)
(5208,24,3,1,106,133,1)
(5209,18,5,2,107,108,1)
(5210,19,2,3,107,134,1)
(5211,17,4,4,108,135,1)
(5212,16,1,2,109,110,1)
(5213,11,7,1,109,136,1)
(5214,20,6,5,110,111,1)
(5215,14,5,5,110,137,1)
(5216,20,8,5,111,112,1)
(5217,10,2,4,111,138,1)
(5218,18,6,5,112,113,1)
(5219,19,2,3,112,139,1)
(5220,23,7,5,113,114,1)
(5221,11,7,4,113,140,1)
(5222,21,6,5,114,115,1)
(5223,23,1,3,114,141,1)
(5224,14,6,1,115,116,1)
(5225,11,8,5,115,142,1)
(5226,15,3,2,116,117,1)
(5227,16,5,2,116,143,1)
(5228,11,3,2,117,118,1)
(5229,13,6,1,117,144,1)
(5230,22,4,1,118,119,1)
(5231,20,5,3,118,145,1)
(5232,21,7,4,119,120,1)
(5233,19,6,4,119,146,1)
(5234,12,4,5,120,121,1)
(5235,11,8,3,120,147,1)
(5236,24,5,3,121,122,1)
(5237,19,6,1,121,148,1)
(5238,24,7,4,122,123,1)
(5239,24,3,2,122,149,1)
(5240,18,5,1,123,124,1)
(5241,23,8,3,123,150,1)
(5242,16,6,5,124,125,1)
(5243,18,8,4,124,151,1)
(5244,14,4,1,125,126,1)
(5245,23,7,4,125,152,1)
(5246,10,5,3,126,127,1)
(5247,16,5,5,126,153,1)
(5248,24,8,4,127,128,1)
(5249,22,3,5,127,154,1)
(5250,10,7,3,128,129,1)
(5251,23,4,3,128,155,1)
(5252,18,6,4,129,130,1)
(5253,13,4,4,129,156,1)
(5254,21,6,1,130,131,1)
(5255,15,1,4,130,157,1)
(5256,11,4,1,131,132,1)
(5257,14,2,2,131,158,1)
(5258,14,6,2,132,133,1)
(5259,12,2,1,132,159,1)
(5260,18,5,1,133,134,1)
(5261,22,8,4,133,160,1)
(5262,19,1,4,134,135,1)
(5263,19,4,2,134,161,1)
(5264,18,8,5,135,162,1)
(5265,23,7,2,136,137,1)
(5266,14,1,3,136,163,1)
(5267,20,2,4,137,138,1)
(5268,12,1,3,137,164,1)
(5269,19,3,2,138,139,1)
(5270,19,2,3,138,165,1)
(5271,11,4,2,139,140,1)
(5272,23,6,1,139,166,1)
(5273,15,7,3,140,141,1)
(5274,18,4,1,140,167,1)
(5275,14,2,1,141,142,1)
(5276,15,5,2,141,168,1)
(5277,22,3,2,142,143,1)
(5278,24,6,1,142,169,1)
(5279,22,7,3,143,144,1)
(5280,12,6,2,143,170,1)
(5281,18,3,3,144,145,1)
(5282,22,1,3,144,171,1)
(5283,24,4,1,145,146,1)
(5284,12,1,4,145,172,1)
(5285,12,5,1,146,147,1)
(5286,21,1,1,146,173,1)
(5287,17,7,5,147,148,1)
(5288,11,2,4,147,174,1)
(5289,15,5,3,148,149,1)
(5290,23,3,1,148,175,1)
(5291,12,8,1,149,150,1)
(5292,10,2,3,149,176,1)
(5293,19,3,2,150,151,1)
(5294,16,5,2,150,177,1)
(5295,19,7,1,151,152,1)
(5296,24,8,2,151,178,1)
(5297,12,8,4,152,153,1)
(5298,17,7,1,152,179,1)
(5299,10,7,3,153,154,1)
(5300,14,8,1,153,180,1)
(5301,17,5,1,154,155,1)
(5302,20,1,1,154,181,1)
(5303,12,8,2,155,156,1)
(5304,14,2,4,155,182,1)
(5305,11,1,5,156,157,1)
(5306,24,6,1,156,183,1)
(5307,19,7,3,157,158,1)
(5308,15,4,1,157,184,1)
(5309,20,4,3,158,159,1)
(5310,15,5,2,158,185,1)
(5311,16,3,2,159,160,1)
(5312,11,2,4,159,186,1)
(5313,11,2,1,160,161,1)
(5314,14,5,5,160,187,1)
(5315,23,5,3,161,162,1)
(5316,17,6,2,161,188,1)
(5317,15,8,3,162,189,1)
(5318,17,2,4,163,164,1)
(5319,15,4,1,163,190,1)
(5320,23,3,3,164,165,1)
(5321,17,1,5,164,191,1)
(5322,12,6,3,165,166,1)
(5323,18,3,1,165,192,1)
(5324,13,2,5,166,167,1)
(5325,17,7,5,166,193,1)
(5326,11,1,3,167,168,1)
(5327,21,6,3,167,194,1)
(5328,21,7,2,168,169,1)
(5329,11,1,5,168,195,1)
(5330,13,2,5,169,170,1)
(5331,24,3,2,169,196,1)
(5332,20,7,2,170,171,1)
(5333,20,6,2,170,197,1)
(5334,16,1,2,171,172,1)
(5335,14,7,5,171,198,1)
(5336,22,2,3,172,173,1)
(5337,15,6,1,172,199,1)
(5338,19,1,3,173,174,1)
(5339,23,8,4,173,200,1)
(5340,15,5,5,174,175,1)
(5341,22,4,4,174,201,1)
(5342,20,1,4,175,176,1)
(5343,17,4,1,175,202,1)
(5344,15,6,5,176,177,1)
(5345,10,5,4,176,203,1)
(5346,14,4,3,177,178,1)
(5347,20,1,3,177,204,1)
(5348,10,3,5,178,179,1)
(5349,14,4,5,178,205,1)
(5350,15,7,5,179,180,1)
(5351,18,5,4,179,206,1)
(5352,14,7,1,180,181,1)
(5353,21,2,4,180,207,1)
(5354,16,2,1,181,182,1)
(5355,18,7,1,181,208,1)
(5356,19,8,5,182,183,1)
(5357,19,5,5,182,209,1)
(5358,15,3,3,183,184,1)
(5359,24,1,2,183,210,1)
(5360,19,7,5,184,185,1)
(5361,11,5,5,184,211,1)
(5362,13,7,4,185,186,1)
(5363,21,1,2,185,212,1)
(5364,14,2,5,186,187,1)
(5365,13,2,4,186,213,1)
(5366,22,6,3,187,188,1)
(5367,23,1,5,187,214,1)
(5368,21,6,2,188,189,1)
(5369,11,7,1,188,215,1)
(5370,12,3,1,189,216,1)
(5371,14,5,4,190,191,1)
(5372,23,1,3,190,217,1)
(5373,10,7,1,191,192,1)
(5374,11,2,2,191,218,1)
(5375,18,7,5,192,193,1)
(5376,23,3,4,192,219,1)
(5377,22,1,2,193,194,1)
(5378,10,8,5,193,220,1)
(5379,18,3,1,194,195,1)
(5380,19,5,5,194,221,1)
(5381,12,5,5,195,196,1)
(5382,11,7,5,195,222,1)
(5383,20,8,2,196,197,1)
(5384,13,2,1,196,223,1)
(5385,17,6,4,197,198,1)
(5386,20,2,2,197,224,1)
(5387,22,5,1,198,199,1)
(5388,18,3,2,198,225,1)
(5389,20,6,2,199,200,1)
(5390,19,8,1,199,226,1)
(5391,11,5,5,200,201,1)
(5392,11,3,3,200,227,1)
(5393,22,8,3,201,202,1)
(5394,11,3,3,201,228,1)
(5395,18,7,2,202,203,1)
(5396,24,5,4,202,229,1)
(5397,10,1,1,203,204,1)
(5398,12,5,1,203,230,1)
(5399,18,5,3,204,205,1)
(5400,22,8,3,204,231,1)
(5401,11,8,1,205,206,1)
(5402,10,1,2,205,232,1)
(5403,11,3,4,206,207,1)
(5404,22,4,2,206,233,1)
(5405,19,5,5,207,208,1)
(5406,12,4,4,207,234,1)
(5407,22,5,1,208,209,1)
(5408,14,6,3,208,235,1)
(5409,12,8,1,209,210,1)
(5410,23,3,4,209,236,1)
(5411,11,5,2,210,211,1)
(5412,15,2,2,210,237,1)
(5413,13,8,4,211,212,1)
(5414,15,6,3,211,238,1)
(5415,24,5,2,212,213,1)
(5416,24,2,2,212,239,1)
(5417,10,6,4,213,214,1)
(5418,17,5,3,213,240,1)
(5419,13,1,2,214,215,1)
(5420,24,8,2,214,241,1)
(5421,15,8,3,215,216,1)
(5422,22,6,5,215,242,1)
(5423,18,4,5,216,243,1)
(5424,21,2,5,217,218,1)
(5425,18,2,4,217,244,1)
(5426,15,3,3,218,219,1)
(5427,13,8,1,218,245,1)
(5428,18,2,3,219,220,1)
(5429,18,5,1,219,246,1)
(5430,13,5,2,220,221,1)
(5431,23,1,4,220,247,1)
(5432,19,8,2,221,222,1)
(5433,16,2,2,221,248,1)
(5434,16,1,3,222,223,1)
(5435,15,8,3,222,249,1)
(5436,15,3,1,223,224,1)
(5437,11,5,4,223,250,1)
(5438,22,3,2,224,225,1)
(5439,15,2,2,224,251,1)
(5440,14,1,2,225,226,1)
(5441,16,3,5,225,252,1)
(5442,22,3,4,226,227,1)
(5443,22,4,3,226,253,1)
(5444,18,5,4,227,228,1)
(5445,23,4,1,227,254,1)
(5446,13,4,4,228,229,1)
(5447,18,8,2,228,255,1)
(5448,15,5,5,229,230,1)
(5449,19,8,5,229,256,1)
(5450,17,8,2,230,231,1)
(5451,24,6,5,230,257,1)
(5452,15,7,3,231,232,1)
(5453,23,2,5,231,258,1)
(5454,13,1,1,232,233,1)
(5455,17,6,1,232,259,1)
(5456,13,2,5,233,234,1)
(5457,22,8,3,233,260,1)
(5458,23,7,5,234,235,1)
(5459,18,7,4,234,261,1)
(5460,22,4,4,235,236,1)
(5461,22,3,3,235,262,1)
(5462,16,4,3,236,237,1)
(5463,13,5,2,236,263,1)
(5464,12,7,2,237,238,1)
(5465,11,3,4,237,264,1)
(5466,23,8,4,238,239,1)
(5467,14,7,1,238,265,1)
(5468,17,5,2,239,240,1)
(5469,14,4,5,239,266,1)
(5470,18,7,2,240,241,1)
(5471,24,5,4,240,267,1)
(5472,10,8,3,241,242,1)
(5473,10,4,1,241,268,1)
(5474,15,3,1,242,243,1)
(5475,16,2,4,242,269,1)
(5476,13,4,4,243,270,1)
(5477,24,4,1,244,245,1)
(5478,19,3,3,244,271,1)
(5479,19,4,5,245,246,1)
(5480,24,6,5,245,272,1)
(5481,20,2,1,246,247,1)
(5482,20,3,4,246,273,1)
(5483,15,1,4,247,248,1)
(5484,11,5,4,247,274,1)
(5485,10,6,3,248,249,1)
(5486,12,1,1,248,275,1)
(5487,13,1,3,249,250,1)
(5488,24,4,2,249,276,1)
(5489,13,8,3,250,251,1)
(5490,18,4,2,250,277,1)
(5491,15,3,4,251,252,1)
(5492,23,8,2,251,278,1)
(5493,24,5,2,252,253,1)
(5494,23,6,1,252,279,1)
(5495,22,3,1,253,254,1)
(5496,22,5,4,253,280,1)
(5497,20,3,2,254,255,1)
(5498,13,4,3,254,281,1)
(5499,15,4,1,255,256,1)
(5500,17,5,4,255,282,1)
(5501,24,7,2,256,257,1)
(5502,22,4,2,256,283,1)
(5503,10,5,3,257,258,1)
(5504,20,5,2,257,284,1)
(5505,10,5,1,258,259,1)
(5506,24,6,3,258,285,1)
(5507,20,4,3,259,260,1)
(5508,14,2,3,259,286,1)
(5509,21,2,1,260,261,1)
(5510,12,7,5,260,287,1)
(5511,10,7,4,261,262,1)
(5512,16,2,4,261,288,1)
(5513,10,3,4,262,263,1)
(5514,20,2,1,262,289,1)
(5515,10,4,3,263,264,1)
(5516,11,6,2,263,290,1)
(5517,16,7,3,264,265,1)
(5518,23,1,4,264,291,1)
(5519,13,5,5,265,266,1)
(5520,14,4,4,265,292,1)
(5521,10,1,2,266,267,1)
(5522,14,7,3,266,293,1)
(5523,16,4,5,267,268,1)
(5524,23,4,1,267,294,1)
(5525,11,6,1,268,269,1)
(5526,22,2,4,268,295,1)
(5527,15,6,1,269,270,1)
(5528,15,3,4,269,296,1)
(5529,18,5,2,270,297,1)
(5530,13,7,3,271,272,1)
(5531,15,5,5,271,298,1)
(5532,22,6,4,272,273,1)
(5533,17,5,5,272,299,1)
(5534,14,7,1,273,274,1)
(5535,10,7,2,273,300,1)
(5536,11,1,1,274,275,1)
(5537,23,4,1,274,301,1)
(5538,11,2,4,275,276,1)
(5539,10,5,2,275,302,1)
(5540,22,6,2,276,277,1)
(5541,12,5,4,276,303,1)
(5542,19,6,1,277,278,1)
(5543,17,4,5,277,304,1)
(5544,22,7,5,278,279,1)
(5545,22,2,2,278,305,1)
(5546,18,8,5,279,280,1)
(5547,24,6,5,279,306,1)
(5548,10,3,1,280,281,1)
(5549,11,6,3,280,307,1)
(5550,15,4,5,281,282,1)
(5551,12,8,5,281,308,1)
(5552,24,4,4,282,283,1)
(5553,16,4,3,282,309,1)
(5554,24,5,1,283,284,1)
(5555,10,1,5,283,310,1)
(5556,11,5,5,284,285,1)
(5557,10,4,4,284,311,1)
(5558,19,1,1,285,286,1)
(5559,13,8,4,285,312,1)
(5560,15,3,5,286,287,1)
(5561,21,2,2,286,313,1)
(5562,13,8,3,287,288,1)
(5563,11,3,4,287,314,1)
(5564,13,7,1,288,289,1)
(5565,23,3,1,288,315,1)
(5566,19,5,4,289,290,1)
(5567,10,4,4,289,316,1)
(5568,23,5,5,290,291,1)
(5569,21,7,5,290,317,1)
(5570,18,8,5,291,292,1)
(5571,20,4,4,291,318,1)
(5572,13,7,2,292,293,1)
(5573,14,8,3,292,319,1)
(5574,22,8,3,293,294,1)
(5575,19,7,1,293,320,1)
(5576,11,6,1,294,295,1)
(5577,20,5,3,294,321,1)
(5578,22,8,1,295,296,1)
(5579,16,3,4,295,322,1)
(5580,19,1,3,296,297,1)
(5581,13,7,3,296,323,1)
(5582,24,3,2,297,324,1)
(5583,12,8,3,298,299,1)
(5584,13,3,5,298,325,1)
(5585,12,6,2,299,300,1)
(5586,15,3,5,299,326,1)
(5587,24,5,5,300,301,1)
(5588,17,7,4,300,327,1)
(5589,24,3,3,301,302,1)
(5590,17,6,4,301,328,1)
(5591,17,4,3,302,303,1)
(5592,13,6,2,302,329,1)
(5593,23,2,4,303,304,1)
(5594,10,2,4,303,330,1)
(5595,14,6,3,304,305,1)
(5596,11,7,4,304,331,1)
(5597,11,1,5,305,306,1)
(5598,21,1,2,305,332,1)
(5599,23,1,3,306,307,1)
(5600,13,1,3,306,333,1)
(5601,16,8,5,307,308,1)
(5602,18,8,1,307,334,1)
(5603,23,8,1,308,309,1)
(5604,12,7,1,308,335,1)
(5605,21,4,2,309,310,1)
(5606,13,7,4,309,336,1)
(5607,20,4,2,310,311,1)
(5608,13,7,5,310,337,1)
(5609,19,1,5,311,312,1)
(5610,15,2,4,311,338,1)
(5611,24,4,2,312,313,1)
(5612,12,5,2,312,339,1)
(5613,16,6,5,313,314,1)
(5614,22,7,2,313,340,1)
(5615,11,2,1,314,315,1)
(5616,23,4,1,314,341,1)
(5617,10,8,3,315,316,1)
(5618,17,2,1,315,342,1)
(5619,12,7,3,316,317,1)
(5620,24,3,3,316,343,1)
(5621,16,2,2,317,318,1)
(5622,24,8,4,317,344,1)
(5623,22,2,2,318,319,1)
(5624,15,1,4,318,345,1)
(5625,10,6,5,319,320,1)
(5626,18,7,4,319,346,1)
(5627,20,2,4,320,321,1)
(5628,15,6,3,320,347,1)
(5629,14,5,5,321,322,1)
(5630,15,6,2,321,348,1)
(5631,14,2,5,322,323,1)
(5632,16,8,4,322,349,1)
(5633,14,7,3,323,324,1)
(5634,21,6,3,323,350,1)
(5635,17,3,5,324,351,1)
(5636,12,1,3,325,326,1)
(5637,17,7,5,325,352,1)
(5638,13,8,5,326,327,1)
(5639,24,1,2,326,353,1)
(5640,14,4,4,327,328,1)
(5641,11,1,4,327,354,1)
(5642,21,4,2,328,329,1)
(5643,24,1,2,328,355,1)
(5644,10,5,3,329,330,1)
(5645,14,6,5,329,356,1)
(5646,14,5,5,330,331,1)
(5647,10,5,2,330,357,1)
(5648,16,7,2,331,332,1)
(5649,24,2,3,331,358,1)
(5650,14,6,2,332,333,1)
(5651,15,5,5,332,359,1)
(5652,17,7,1,333,334,1)
(5653,12,3,5,333,360,1)
(5654,11,3,5,334,335,1)
(5655,19,7,1,334,361,1)
(5656,21,3,3,335,336,1)
(5657,18,7,5,335,362,1)
(5658,19,4,1,336,337,1)
(5659,13,6,2,336,363,1)
(5660,14,3,2,337,338,1)
(5661,18,6,4,337,364,1)
(5662,22,2,4,338,339,1)
(5663,24,4,3,338,365,1)
(5664,23,4,5,339,340,1)
(5665,21,5,4,339,366,1)
(5666,18,3,3,340,341,1)
(5667,24,5,1,340,367,1)
(5668,16,2,2,341,342,1)
(5669,11,1,5,341,368,1)
(5670,17,2,1,342,343,1)
(5671,14,1,4,342,369,1)
(5672,18,6,3,343,344,1)
(5673,24,3,3,343,370,1)
(5674,10,8,3,344,345,1)
(5675,13,2,4,344,371,1)
(5676,13,6,2,345,346,1)
(5677,15,7,3,345,372,1)
(5678,11,2,4,346,347,1)
(5679,14,5,3,346,373,1)
(5680,23,1,5,347,348,1)
(5681,13,5,4,347,374,1)
(5682,11,3,4,348,349,1)
(5683,17,3,4,348,375,1)
(5684,10,6,1,349,350,1)
(5685,15,7,4,349,376,1)
(5686,17,4,2,350,351,1)
(5687,14,7,4,350,377,1)
(5688,20,8,5,351,378,1)
(5689,15,8,1,352,353,1)
(5690,23,6,5,352,379,1)
(5691,12,4,3,353,354,1)
(5692,20,6,4,353,380,1)
(5693,12,7,3,354,355,1)
(5694,18,1,5,354,381,1)
(5695,14,7,5,355,356,1)
(5696,10,7,4,355,382,1)
(5697,22,1,3,356,357,1)
(5698,19,3,5,356,383,1)
(5699,15,4,2,357,358,1)
(5700,24,6,1,357,384,1)
(5701,18,1,5,358,359,1)
(5702,15,6,2,358,385,1)
(5703,23,2,4,359,360,1)
(5704,18,7,2,359,386,1)
(5705,16,4,3,360,361,1)
(5706,20,4,3,360,387,1)
(5707,18,2,3,361,362,1)
(5708,21,6,2,361,388,1)
(5709,23,7,4,362,363,1)
(5710,21,3,1,362,389,1)
(5711,20,1,4,363,364,1)
(5712,23,5,4,363,390,1)
(5713,16,3,4,364,365,1)
(5714,21,3,2,364,391,1)
(5715,23,4,1,365,366,1)
(5716,19,2,3,365,392,1)
(5717,23,2,1,366,367,1)
(5718,24,1,2,366,393,1)
(5719,18,6,1,367,368,1)
(5720,15,2,4,367,394,1)
(5721,22,1,5,368,369,1)
(5722,10,6,5,368,395,1)
(5723,13,8,2,369,370,1)
(5724,24,3,5,369,396,1)
(5725,21,1,3,370,371,1)
(5726,22,7,4,370,397,1)
(5727,13,3,5,371,372,1)
(5728,14,7,4,371,398,1)
(5729,11,3,4,372,373,1)
(5730,16,4,4,372,399,1)
(5731,13,7,3,373,374,1)
(5732,18,3,4,373,400,1)
(5733,21,5,4,374,375,1)
(5734,13,7,3,374,401,1)
(5735,23,7,1,375,376,1)
(5736,13,7,1,375,402,1)
(5737,22,4,4,376,377,1)
(5738,22,6,1,376,403,1)
(5739,16,2,2,377,378,1)
(5740,16,8,5,377,404,1)
(5741,20,8,3,378,405,1)
(5742,22,4,3,379,380,1)
(5743,22,7,2,379,406,1)
(5744,24,3,5,380,381,1)
(5745,10,4,3,380,407,1)
(5746,24,3,3,381,382,1)
(5747,21,3,5,381,408,1)
(5748,22,5,5,382,383,1)
(5749,18,8,3,382,409,1)
(5750,18,2,4,383,384,1)
(5751,19,4,2,383,410,1)
(5752,17,6,4,384,385,1)
(5753,13,5,3,384,411,1)
(5754,17,1,5,385,386,1)
(5755,13,4,5,385,412,1)
(5756,20,6,4,386,387,1)
(5757,11,5,5,386,413,1)
(5758,21,4,4,387,388,1)
(5759,16,8,5,387,414,1)
(5760,19,4,3,388,389,1)
(5761,21,3,4,388,415,1)
(5762,24,4,1,389,390,1)
(5763,15,1,1,389,416,1)
(5764,11,5,1,390,391,1)
(5765,24,8,4,390,417,1)
(5766,13,8,4,391,392,1)
(5767,12,2,1,391,418,1)
(5768,10,3,4,392,393,1)
(5769,19,6,1,392,419,1)
(5770,22,6,2,393,394,1)
(5771,18,2,1,393,420,1)
(5772,18,8,5,394,395,1)
(5773,11,5,2,394,421,1)
(5774,15,5,4,395,396,1)
(5775,17,4,3,395,422,1)
(5776,22,5,3,396,397,1)
(5777,15,1,5,396,423,1)
(5778,23,4,2,397,398,1)
(5779,19,2,3,397,424,1)
(5780,11,1,5,398,399,1)
(5781,15,2,1,398,425,1)
(5782,18,1,4,399,400,1)
(5783,11,3,2,399,426,1)
(5784,11,3,2,400,401,1)
(5785,20,3,1,400,427,1)
(5786,16,6,3,401,402,1)
(5787,18,2,4,401,428,1)
(5788,13,2,4,402,403,1)
(5789,11,3,3,402,429,1)
(5790,11,2,5,403,404,1)
(5791,22,4,2,403,430,1)
(5792,11,2,5,404,405,1)
(5793,14,8,1,404,431,1)
(5794,13,6,5,405,432,1)
(5795,11,8,2,406,407,1)
(5796,19,7,3,406,433,1)
(5797,20,8,1,407,408,1)
(5798,23,6,1,407,434,1)
(5799,12,3,2,408,409,1)
(5800,10,3,5,408,435,1)
(5801,15,5,5,409,410,1)
(5802,20,2,1,409,436,1)
(5803,18,8,5,410,411,1)
(5804,17,5,3,410,437,1)
(5805,15,4,1,411,412,1)
(5806,18,1,1,411,438,1)
(5807,15,8,3,412,413,1)
(5808,21,1,1,412,439,1)
(5809,10,1,5,413,414,1)
(5810,13,7,1,413,440,1)
(5811,18,5,3,414,415,1)
(5812,14,3,4,414,441,1)
(5813,24,2,4,415,416,1)
(5814,19,4,4,415,442,1)
(5815,16,3,4,416,417,1)
(5816,16,3,2,416,443,1)
(5817,18,8,2,417,418,1)
(5818,23,3,5,417,444,1)
(5819,18,7,5,418,419,1)
(5820,11,4,1,418,445,1)
(5821,11,5,4,419,420,1)
(5822,23,5,5,419,446,1)
(5823,17,4,1,420,421,1)
(5824,20,1,1,420,447,1)
(5825,21,2,4,421,422,1)
(5826,19,6,1,421,448,1)
(5827,17,3,1,422,423,1)
(5828,24,1,1,422,449,1)
(5829,17,4,1,423,424,1)
(5830,20,8,5,423,450,1)
(5831,24,6,1,424,425,1)
(5832,21,3,2,424,451,1)
(5833,21,8,1,425,426,1)
(5834,17,4,2,425,452,1)
(5835,22,4,5,426,427,1)
(5836,14,3,1,426,453,1)
(5837,20,8,5,427,428,1)
(5838,18,2,4,427,454,1)
(5839,18,3,2,428,429,1)
(5840,12,1,4,428,455,1)
(5841,18,4,3,429,430,1)
(5842,22,8,5,429,456,1)
(5843,12,6,3,430,431,1)
(5844,17,7,2,430,457,1)
(5845,18,7,5,431,432,1)
(5846,12,8,1,431,458,1)
(5847,13,4,1,432,459,1)
(5848,21,2,5,433,434,1)
(5849,12,5,5,433,460,1)
(5850,24,2,2,434,435,1)
(5851,11,5,5,434,461,1)
(5852,14,2,4,435,436,1)
(5853,15,6,1,435,462,1)
(5854,22,4,3,436,437,1)
(5855,14,3,3,436,463,1)
(5856,10,6,5,437,438,1)
(5857,18,2,5,437,464,1)
(5858,23,2,4,438,439,1)
(5859,16,5,1,438,465,1)
(5860,12,7,2,439,440,1)
(5861,21,7,4,439,466,1)
(5862,19,2,5,440,441,1)
(5863,19,2,1,440,467,1)
(5864,16,6,3,441,442,1)
(5865,24,1,4,441,468,1)
(5866,19,8,4,442,443,1)
(5867,11,3,3,442,469,1)
(5868,11,3,1,443,444,1)
(5869,12,8,2,443,470,1)
(5870,22,4,1,444,445,1)
(5871,13,1,4,444,471,1)
(5872,15,1,5,445,446,1)
(5873,17,3,4,445,472,1)
(5874,14,5,5,446,447,1)
(5875,21,5,2,446,473,1)
(5876,22,2,1,447,448,1)
(5877,12,2,4,447,474,1)
(5878,17,2,1,448,449,1)
(5879,10,3,3,448,475,1)
(5880,16,1,1,449,450,1)
(5881,18,5,1,449,476,1)
(5882,10,3,4,450,451,1)
(5883,11,5,1,450,477,1)
(5884,13,7,1,451,452,1)
(5885,18,6,4,451,478,1)
(5886,17,3,3,452,453,1)
(5887,10,4,5,452,479,1)
(5888,19,2,3,453,454,1)
(5889,21,7,5,453,480,1)
(5890,12,7,1,454,455,1)
(5891,12,7,1,454,481,1)
(5892,21,5,1,455,456,1)
(5893,13,3,5,455,482,1)
(5894,18,2,5,456,457,1)
(5895,12,6,3,456,483,1)
(5896,24,8,3,457,458,1)
(5897,11,7,3,457,484,1)
(5898,11,5,2,458,459,1)
(5899,12,5,5,458,485,1)
(5900,14,6,3,459,486,1)
(5901,16,2,2,460,461,1)
(5902,13,3,3,460,487,1)
(5903,11,7,4,461,462,1)
(5904,24,2,2,461,488,1)
(5905,19,8,4,462,463,1)
(5906,14,6,5,462,489,1)
(5907,21,4,1,463,464,1)
(5908,19,4,2,463,490,1)
(5909,10,7,1,464,465,1)
(5910,15,1,5,464,491,1)
(5911,17,1,1,465,466,1)
(5912,10,4,2,465,492,1)
(5913,16,4,5,466,467,1)
(5914,12,6,1,466,493,1)
(5915,18,8,2,467,468,1)
(5916,11,7,1,467,494,1)
(5917,13,5,4,468,469,1)
(5918,17,5,3,468,495,1)
(5919,24,1,5,469,470,1)
(5920,23,6,5,469,496,1)
(5921,16,4,3,470,471,1)
(5922,13,7,5,470,497,1)
(5923,17,5,1,471,472,1)
(5924,16,8,4,471,498,1)
(5925,12,1,2,472,473,1)
(5926,19,5,5,472,499,1)
(5927,24,3,5,473,474,1)
(5928,10,1,4,473,500,1)
(5929,10,4,3,474,475,1)
(5930,11,7,4,474,501,1)
(5931,16,1,5,475,476,1)
(5932,15,2,1,475,502,1)
(5933,21,4,3,476,477,1)
(5934,17,7,4,476,503,1)
(5935,19,3,3,477,478,1)
(5936,11,8,5,477,504,1)
(5937,21,3,4,478,479,1)
(5938,20,7,1,478,505,1)
(5939,12,7,4,479,480,1)
(5940,11,1,5,479,506,1)
(5941,14,6,3,480,481,1)
(5942,13,6,5,480,507,1)
(5943,24,3,1,481,482,1)
(5944,23,1,1,481,508,1)
(5945,20,5,5,482,483,1)
(5946,15,8,3,482,509,1)
(5947,16,7,1,483,484,1)
(5948,11,7,2,483,510,1)
(5949,14,4,1,484,485,1)
(5950,17,7,2,484,511,1)
(5951,24,5,3,485,486,1)
(5952,21,1,1,485,512,1)
(5953,18,2,3,486,513,1)
(5954,14,3,1,487,488,1)
(5955,16,5,2,487,514,1)
(5956,17,8,4,488,489,1)
(5957,12,1,3,488,515,1)
(5958,22,1,4,489,490,1)
(5959,24,2,1,489,516,1)
(5960,20,7,3,490,491,1)
(5961,24,5,4,490,517,1)
(5962,20,6,1,491,492,1)
(5963,13,1,4,491,518,1)
(5964,20,3,1,492,493,1)
(5965,21,2,4,492,519,1)
(5966,22,7,3,493,494,1)
(5967,11,1,2,493,520,1)
(5968,21,3,4,494,495,1)
(5969,23,3,5,494,521,1)
(5970,21,6,5,495,496,1)
(5971,23,5,2,495,522,1)
(5972,24,5,2,496,497,1)
(5973,12,4,5,496,523,1)
(5974,18,4,5,497,498,1)
(5975,24,4,3,497,524,1)
(5976,10,1,1,498,499,1)
(5977,12,2,4,498,525,1)
(5978,14,5,2,499,500,1)
(5979,16,8,1,499,526,1)
(5980,23,6,4,500,501,1)
(5981,19,7,4,500,527,1)
(5982,18,6,5,501,502,1)
(5983,18,4,5,501,528,1)
(5984,18,2,5,502,503,1)
(5985,15,2,4,502,529,1)
(5986,22,2,1,503,504,1)
(5987,23,8,3,503,530,1)
(5988,20,4,4,504,505,1)
(5989,10,8,2,504,531,1)
(5990,21,4,5,505,506,1)
(5991,19,6,4,505,532,1)
(5992,11,4,3,506,507,1)
(5993,14,1,1,506,533,1)
(5994,15,7,4,507,508,1)
(5995,11,8,1,507,534,1)
(5996,11,5,3,508,509,1)
(5997,13,4,1,508,535,1)
(5998,11,6,1,509,510,1)
(5999,23,4,3,509,536,1)
(6000,17,2,1,510,511,1)
(6001,20,3,3,510,537,1)
(6002,13,5,4,511,512,1)
(6003,17,3,1,511,538,1)
(6004,13,1,1,512,513,1)
(6005,15,2,4,512,539,1)
(6006,23,1,2,513,540,1)
(6007,12,6,5,514,515,1)
(6008,24,2,4,514,541,1)
(6009,17,1,2,515,516,1)
(6010,11,2,5,515,542,1)
(6011,19,2,2,516,517,1)
(6012,13,8,2,516,543,1)
(6013,17,1,1,517,518,1)
(6014,15,7,4,517,544,1)
(6015,16,3,2,518,519,1)
(6016,24,8,2,518,545,1)
(6017,14,5,4,519,520,1)
(6018,13,3,1,519,546,1)
(6019,17,4,3,520,521,1)
(6020,17,7,1,520,547,1)
(6021,18,8,5,521,522,1)
(6022,20,4,4,521,548,1)
(6023,18,6,3,522,523,1)
(6024,16,7,1,522,549,1)
(6025,12,4,2,523,524,1)
(6026,21,6,2,523,550,1)
(6027,13,1,3,524,525,1)
(6028,15,1,4,524,551,1)
(6029,20,2,3,525,526,1)
(6030,12,8,1,525,552,1)
(6031,11,4,1,526,527,1)
(6032,22,8,1,526,553,1)
(6033,15,1,2,527,528,1)
(6034,14,1,5,527,554,1)
(6035,21,7,2,528,529,1)
(6036,11,4,5,528,555,1)
(6037,20,1,4,529,530,1)
(6038,19,3,4,529,556,1)
(6039,16,2,5,530,531,1)
(6040,24,6,4,530,557,1)
(6041,15,1,5,531,532,1)
(6042,19,4,4,531,558,1)
(6043,12,7,5,532,533,1)
(6044,21,1,1,532,559,1)
(6045,23,8,2,533,534,1)
(6046,23,8,1,533,560,1)
(6047,22,6,1,534,535,1)
(6048,23,8,2,534,561,1)
(6049,14,8,3,535,536,1)
(6050,10,8,4,535,562,1)
(6051,11,7,1,536,537,1)
(6052,24,4,5,536,563,1)
(6053,22,4,4,537,538,1)
(6054,14,3,5,537,564,1)
(6055,13,7,5,538,539,1)
(6056,13,5,4,538,565,1)
(6057,24,1,3,539,540,1)
(6058,14,4,1,539,566,1)
(6059,24,6,2,540,567,1)
(6060,20,8,4,541,542,1)
(6061,19,1,5,541,568,1)
(6062,21,4,2,542,543,1)
(6063,10,8,4,542,569,1)
(6064,12,7,4,543,544,1)
(6065,10,7,4,543,570,1)
(6066,21,8,4,544,545,1)
(6067,17,4,3,544,571,1)
(6068,15,4,4,545,546,1)
(6069,24,2,3,545,572,1)
(6070,12,7,3,546,547,1)
(6071,23,8,4,546,573,1)
(6072,24,7,1,547,548,1)
(6073,16,6,3,547,574,1)
(6074,17,3,3,548,549,1)
(6075,22,7,3,548,575,1)
(6076,14,1,4,549,550,1)
(6077,13,8,1,549,576,1)
(6078,24,2,3,550,551,1)
(6079,15,5,2,550,577,1)
(6080,19,2,1,551,552,1)
(6081,14,6,4,551,578,1)
(6082,16,1,5,552,553,1)
(6083,24,5,3,552,579,1)
(6084,21,5,3,553,554,1)
(6085,10,4,5,553,580,1)
(6086,10,8,1,554,555,1)
(6087,14,5,4,554,581,1)
(6088,24,3,3,555,556,1)
(6089,20,5,5,555,582,1)
(6090,23,8,4,556,557,1)
(6091,20,3,3,556,583,1)
(6092,13,6,2,557,558,1)
(6093,21,4,1,557,584,1)
(6094,14,5,2,558,559,1)
(6095,23,6,5,558,585,1)
(6096,12,6,2,559,560,1)
(6097,13,4,1,559,586,1)
(6098,12,3,3,560,561,1)
(6099,12,6,3,560,587,1)
(6100,21,6,3,561,562,1)
(6101,24,1,5,561,588,1)
(6102,13,6,4,562,563,1)
(6103,22,4,2,562,589,1)
(6104,14,8,3,563,564,1)
(6105,18,3,4,563,590,1)
(6106,23,5,1,564,565,1)
(6107,10,6,1,564,591,1)
(6108,13,6,3,565,566,1)
(6109,22,5,3,565,592,1)
(6110,20,8,4,566,567,1)
(6111,16,8,5,566,593,1)
(6112,22,2,3,567,594,1)
(6113,13,7,1,568,569,1)
(6114,19,3,5,568,595,1)
(6115,15,1,1,569,570,1)
(6116,13,6,1,569,596,1)
(6117,16,1,2,570,571,1)
(6118,11,7,2,570,597,1)
(6119,20,1,2,571,572,1)
(6120,24,5,2,571,598,1)
(6121,19,2,4,572,573,1)
(6122,23,3,3,572,599,1)
(6123,18,4,3,573,574,1)
(6124,14,2,3,573,600,1)
(6125,14,1,5,574,575,1)
(6126,11,5,3,574,601,1)
(6127,11,3,1,575,576,1)
(6128,20,7,4,575,602,1)
(6129,16,3,4,576,577,1)
(6130,23,3,5,576,603,1)
(6131,23,4,4,577,578,1)
(6132,15,7,5,577,604,1)
(6133,16,1,3,578,579,1)
(6134,10,6,4,578,605,1)
(6135,15,4,3,579,580,1)
(6136,10,6,1,579,606,1)
(6137,22,8,3,580,581,1)
(6138,16,1,5,580,607,1)
(6139,23,4,3,581,582,1)
(6140,11,7,4,581,608,1)
(6141,20,7,2,582,583,1)
(6142,20,5,4,582,609,1)
(6143,21,1,5,583,584,1)
(6144,19,2,2,583,610,1)
(6145,17,2,2,584,585,1)
(6146,11,1,2,584,611,1)
(6147,20,6,5,585,586,1)
(6148,19,8,3,585,612,1)
(6149,16,5,1,586,587,1)
(6150,15,7,2,586,613,1)
(6151,21,1,2,587,588,1)
(6152,12,5,4,587,614,1)
(6153,17,5,3,588,589,1)
(6154,21,4,2,588,615,1)
(6155,13,5,2,589,590,1)
(6156,19,6,3,589,616,1)
(6157,11,5,5,590,591,1)
(6158,12,3,4,590,617,1)
(6159,18,7,1,591,592,1)
(6160,18,3,3,591,618,1)
(6161,11,1,1,592,593,1)
(6162,17,4,3,592,619,1)
(6163,11,4,2,593,594,1)
(6164,14,8,3,593,620,1)
(6165,11,5,1,594,621,1)
(6166,15,7,1,595,596,1)
(6167,10,3,4,595,622,1)
(6168,16,7,2,596,597,1)
(6169,24,5,5,596,623,1)
(6170,24,7,5,597,598,1)
(6171,17,3,3,597,624,1)
(6172,13,1,5,598,599,1)
(6173,23,3,3,598,625,1)
(6174,12,3,2,599,600,1)
(6175,21,8,1,599,626,1)
(6176,17,5,1,600,601,1)
(6177,11,1,1,600,627,1)
(6178,12,1,4,601,602,1)
(6179,13,5,3,601,628,1)
(6180,14,1,4,602,603,1)
(6181,19,3,3,602,629,1)
(6182,18,3,3,603,604,1)
(6183,19,5,4,603,630,1)
(6184,13,5,1,604,605,1)
(6185,12,7,2,604,631,1)
(6186,11,6,2,605,606,1)
(6187,20,8,3,605,632,1)
(6188,10,1,2,606,607,1)
(6189,13,3,5,606,633,1)
(6190,15,4,1,607,608,1)
(6191,15,6,1,607,634,1)
(6192,16,1,1,608,609,1)
(6193,14,8,2,608,635,1)
(6194,20,7,5,609,610,1)
(6195,22,5,5,609,636,1)
(6196,21,5,1,610,611,1)
(6197,22,7,2,610,637,1)
(6198,18,5,4,611,612,1)
(6199,22,4,2,611,638,1)
(6200,10,2,4,612,613,1)
(6201,11,3,5,612,639,1)
(6202,23,3,3,613,614,1)
(6203,20,2,2,613,640,1)
(6204,23,1,2,614,615,1)
(6205,11,4,1,614,641,1)
(6206,17,1,4,615,616,1)
(6207,20,4,1,615,642,1)
(6208,20,6,4,616,617,1)
(6209,18,7,3,616,643,1)
(6210,18,4,3,617,618,1)
(6211,16,4,1,617,644,1)
(6212,13,3,4,618,619,1)
(6213,11,3,2,618,645,1)
(6214,18,1,2,619,620,1)
(6215,14,8,3,619,646,1)
(6216,16,8,2,620,621,1)
(6217,11,4,2,620,647,1)
(6218,10,5,2,621,648,1)
(6219,18,1,3,622,623,1)
(6220,18,4,3,622,649,1)
(6221,22,7,4,623,624,1)
(6222,19,1,5,623,650,1)
(6223,16,8,3,624,625,1)
(6224,24,5,3,624,651,1)
(6225,15,6,2,625,626,1)
(6226,24,7,3,625,652,1)
(6227,17,5,2,626,627,1)
(6228,12,5,4,626,653,1)
(6229,17,5,2,627,628,1)
(6230,15,7,1,627,654,1)
(6231,13,4,5,628,629,1)
(6232,11,8,4,628,655,1)
(6233,21,4,2,629,630,1)
(6234,18,1,1,629,656,1)
(6235,12,1,4,630,631,1)
(6236,14,5,5,630,657,1)
(6237,22,7,2,631,632,1)
(6238,23,1,1,631,658,1)
(6239,21,1,4,632,633,1)
(6240,16,5,1,632,659,1)
(6241,16,1,4,633,634,1)
(6242,11,8,2,633,660,1)
(6243,20,5,4,634,635,1)
(6244,21,1,4,634,661,1)
(6245,15,6,1,635,636,1)
(6246,13,2,5,635,662,1)
(6247,12,4,4,636,637,1)
(6248,15,1,3,636,663,1)
(6249,13,3,1,637,638,1)
(6250,22,4,5,637,664,1)
(6251,22,7,3,638,639,1)
(6252,22,1,4,638,665,1)
(6253,18,4,1,639,640,1)
(6254,16,6,4,639,666,1)
(6255,14,4,2,640,641,1)
(6256,24,3,2,640,667,1)
(6257,16,3,4,641,642,1)
(6258,19,6,4,641,668,1)
(6259,13,2,2,642,643,1)
(6260,11,3,1,642,669,1)
(6261,12,6,5,643,644,1)
(6262,12,7,3,643,670,1)
(6263,10,5,1,644,645,1)
(6264,18,3,4,644,671,1)
(6265,14,1,3,645,646,1)
(6266,22,8,4,645,672,1)
(6267,17,4,3,646,647,1)
(6268,11,3,2,646,673,1)
(6269,15,5,2,647,648,1)
(6270,20,2,1,647,674,1)
(6271,24,7,5,648,675,1)
(6272,10,3,4,649,650,1)
(6273,16,7,4,649,676,1)
(6274,14,7,4,650,651,1)
(6275,24,2,5,650,677,1)
(6276,11,7,3,651,652,1)
(6277,10,5,2,651,678,1)
(6278,21,1,5,652,653,1)
(6279,21,3,1,652,679,1)
(6280,18,4,3,653,654,1)
(6281,18,1,3,653,680,1)
(6282,18,8,3,654,655,1)
(6283,14,8,2,654,681,1)
(6284,15,6,1,655,656,1)
(6285,13,5,2,655,682,1)
(6286,17,2,1,656,657,1)
(6287,12,6,1,656,683,1)
(6288,12,3,2,657,658,1)
(6289,10,8,5,657,684,1)
(6290,16,5,1,658,659,1)
(6291,18,4,4,658,685,1)
(6292,16,3,2,659,660,1)
(6293,20,8,4,659,686,1)
(6294,15,6,4,660,661,1)
(6295,16,7,4,660,687,1)
(6296,11,5,1,661,662,1)
(6297,13,6,1,661,688,1)
(6298,20,6,5,662,663,1)
(6299,20,7,2,662,689,1)
(6300,24,7,3,663,664,1)
(6301,21,6,3,663,690,1)
(6302,24,2,4,664,665,1)
(6303,12,7,5,664,691,1)
(6304,13,2,2,665,666,1)
(6305,10,1,3,665,692,1)
(6306,15,7,4,666,667,1)
(6307,22,8,4,666,693,1)
(6308,24,2,5,667,668,1)
(6309,17,5,2,667,694,1)
(6310,12,3,4,668,669,1)
(6311,24,8,5,668,695,1)
(6312,10,3,1,669,670,1)
(6313,14,5,4,669,696,1)
(6314,11,4,2,670,671,1)
(6315,20,5,4,670,697,1)
(6316,23,6,4,671,672,1)
(6317,19,6,1,671,698,1)
(6318,16,4,5,672,673,1)
(6319,18,1,5,672,699,1)
(6320,15,4,4,673,674,1)
(6321,22,2,4,673,700,1)
(6322,10,6,4,674,675,1)
(6323,20,3,5,674,701,1)
(6324,19,7,1,675,702,1)
(6325,19,7,3,676,677,1)
(6326,19,3,4,676,703,1)
(6327,20,5,5,677,678,1)
(6328,16,4,1,677,704,1)
(6329,18,3,4,678,679,1)
(6330,21,2,2,678,705,1)
(6331,18,7,4,679,680,1)
(6332,10,6,1,679,706,1)
(6333,13,1,1,680,681,1)
(6334,14,6,5,680,707,1)
(6335,16,6,5,681,682,1)
(6336,19,1,1,681,708,1)
(6337,12,6,3,682,683,1)
(6338,23,4,1,682,709,1)
(6339,14,5,4,683,684,1)
(6340,12,4,1,683,710,1)
(6341,14,5,1,684,685,1)
(6342,11,7,1,684,711,1)
(6343,11,3,2,685,686,1)
(6344,17,7,3,685,712,1)
(6345,15,4,4,686,687,1)
(6346,16,8,3,686,713,1)
(6347,24,8,1,687,688,1)
(6348,19,8,4,687,714,1)
(6349,21,5,5,688,689,1)
(6350,16,5,5,688,715,1)
(6351,18,5,4,689,690,1)
(6352,23,6,3,689,716,1)
(6353,23,6,1,690,691,1)
(6354,14,6,4,690,717,1)
(6355,12,4,4,691,692,1)
(6356,10,8,2,691,718,1)
(6357,11,2,2,692,693,1)
(6358,10,8,3,692,719,1)
(6359,11,5,4,693,694,1)
(6360,15,2,5,693,720,1)
(6361,12,2,5,694,695,1)
(6362,23,3,3,694,721,1)
(6363,12,1,4,695,696,1)
(6364,12,4,3,695,722,1)
(6365,12,2,2,696,697,1)
(6366,18,8,5,696,723,1)
(6367,23,5,1,697,698,1)
(6368,16,8,1,697,724,1)
(6369,24,4,2,698,699,1)
(6370,21,5,3,698,725,1)
(6371,10,7,2,699,700,1)
(6372,24,5,5,699,726,1)
(6373,20,7,3,700,701,1)
(6374,21,6,2,700,727,1)
(6375,21,8,4,701,702,1)
(6376,16,2,4,701,728,1)
(6377,12,2,5,702,729,1)
(6378,17,7,1,703,704,1)
(6379,15,2,2,704,705,1)
(6380,19,5,5,705,706,1)
(6381,12,6,5,706,707,1)
(6382,24,1,1,707,708,1)
(6383,16,4,1,708,709,1)
(6384,16,3,3,709,710,1)
(6385,14,3,1,710,711,1)
(6386,17,1,2,711,712,1)
(6387,12,2,1,712,713,1)
(6388,14,1,5,713,714,1)
(6389,17,5,3,714,715,1)
(6390,14,2,2,715,716,1)
(6391,17,2,4,716,717,1)
(6392,14,5,3,717,718,1)
(6393,10,7,2,718,719,1)
(6394,15,6,3,719,720,1)
(6395,23,7,4,720,721,1)
(6396,15,3,1,721,722,1)
(6397,13,1,5,722,723,1)
(6398,22,6,5,723,724,1)
(6399,11,8,2,724,725,1)
(6400,15,4,3,725,726,1)
(6401,24,6,1,726,727,1)
(6402,23,4,2,727,728,1)
(6403,24,3,4,728,729,1)
