#(road_id,starttime,road...)
(10000,1,5029,5040,5051,5057,5058)
(10001,1,5030,5041,5052)
(10002,1,5016,5027,5038,5049)
(10003,1,5052,5041,5030,5019,5013,5012,5011)
(10004,1,5030,5019,5008,5002,5001)
(10005,1,5028,5017,5006)
(10006,1,5029,5018,5007,5001)
(10007,1,5031,5020,5009,5003,5002,5001)
(10008,1,5049,5038,5027,5016,5005)
(10009,1,5043,5032,5021,5015,5014,5013,5012)
(10010,1,5051,5040,5029,5018,5007,5001)
(10011,2,5029,5040,5051)
(10012,2,5029,5018,5007,5001)
(10013,1,5053,5042,5031,5020,5015)
(10014,2,5030,5041,5052,5058,5059)
(10015,1,5005,5016,5027,5038,5044,5045,5046)
(10016,2,5030,5019,5008,5002,5001,5000)
(10017,1,5018,5029,5040,5051,5056)
(10018,1,5027,5038,5049)
(10019,3,5029,5040,5051,5057,5058)
(10020,1,5040,5029,5018,5007,5002,5003)
(10021,1,5021,5032,5043,5054,5059)
(10022,1,5008,5019,5030,5041,5047,5048)
(10023,3,5029,5018,5007,5001)
(10024,1,5038,5027,5016,5011,5006,5001,5002,5003)
(10025,2,5053,5042,5031,5025)
(10026,1,5039,5028,5017,5011)
(10027,1,5032,5043,5054)
(10028,2,5008,5019,5030,5041,5052,5058)
(10029,2,5032,5043,5054)
(10030,2,5039,5028,5017,5006)
(10031,1,5050,5039,5028,5017,5006,5001,5002,5003)
(10032,1,5017,5028,5039,5050,5056,5057)
(10033,2,5051,5040,5029,5018,5007,5002,5003,5004)
(10034,1,5006,5017,5028,5034,5035,5036)
(10035,2,5005,5016,5027)
(10036,2,5016,5027,5038,5049,5055)
(10037,1,5027,5016,5005)
(10038,3,5053,5042,5031,5020,5009,5004)
(10039,1,5020,5031,5042,5053,5059)
(10040,2,5049,5038,5027,5016,5011,5012,5007,5002,5003,5004)
(10041,3,5030,5041,5052)
(10042,3,5049,5038,5027,5016,5011,5012)
(10043,2,5040,5029,5018)
(10044,2,5031,5020,5009,5003,5002,5001)
(10045,2,5006,5017,5028,5039,5045,5046,5047)
(10046,3,5030,5019,5008,5002,5001,5000)
(10047,4,5030,5041,5052)
(10048,3,5005,5016,5027,5038,5049)
(10049,3,5008,5019,5030,5036)
(10050,4,5029,5040,5051,5057)
(10051,2,5018,5029,5040,5046,5047,5048)
(10052,1,5028,5039,5050)
(10053,3,5018,5029,5040,5046,5047,5048)
(10054,2,5017,5028,5039,5050,5056,5057,5058)
(10055,3,5006,5017,5028,5034,5035)
(10056,5,5030,5041,5052,5058)
(10057,4,5049,5038,5027,5016,5011,5012,5013)
(10058,1,5032,5021,5010,5004,5003)
(10059,4,5008,5019,5030,5041,5047)
(10060,2,5028,5039,5050,5056,5057,5058,5059)
(10061,2,5021,5032,5043,5054,5059,5058)
(10062,5,5008,5019,5030)
(10063,2,5027,5038,5049,5055,5056)
(10064,3,5031,5020,5009,5003,5002,5001,5000)
(10065,1,5007,5018,5029,5040,5051,5056,5055)
(10066,4,5053,5042,5031,5020,5014,5013,5012,5011)
(10067,3,5032,5043,5054)
(10068,1,5010,5021,5032,5043,5054,5059,5058,5057)
(10069,4,5018,5029,5040,5051,5056)
(10070,6,5030,5041,5052,5058,5059)
(10071,5,5053,5042,5031,5025)
(10072,2,5052,5041,5030,5019,5008,5002,5001)
(10073,4,5031,5020,5009,5003,5002,5001)
(10074,3,5051,5040,5029,5023)
(10075,1,5031,5042,5053,5059)
(10076,4,5051,5040,5029,5018,5007,5001)
(10077,2,5007,5018,5029,5040)
(10078,3,5007,5018,5029,5040,5051,5056)
(10079,5,5029,5040,5051,5057)
(10080,2,5032,5021,5010,5004,5003,5002,5001)
(10081,5,5018,5029,5040,5046)
(10082,3,5040,5029,5018,5007,5001,5000)
(10083,1,5054,5043,5032,5021,5010)
(10084,1,5019,5030,5041,5047,5048)
(10085,3,5052,5041,5030,5019,5014,5015)
(10086,2,5038,5027,5016,5005,5000,5001)
(10087,4,5029,5018,5007,5001,5000)
(10088,4,5032,5043,5054)
(10089,4,5030,5019,5008,5002)
(10090,6,5008,5019,5030,5036)
(10091,6,5053,5042,5031,5020,5009)
(10092,4,5040,5029,5018,5012,5011)
(10093,2,5027,5016,5005)
(10094,5,5030,5019,5008)
(10095,3,5032,5021,5010)
(10096,4,5052,5041,5030,5024,5023)
(10097,3,5028,5039,5050,5056,5057,5058)
(10098,3,5021,5032,5043)
(10099,2,5054,5043,5032,5021)
(10100,4,5028,5039,5050)
(10101,3,5017,5028,5039,5050,5055)
(10102,2,5028,5017,5006)
(10103,4,5005,5016,5027,5038,5049,5055,5056,5057,5058,5059)
(10104,6,5018,5029,5040,5051)
(10105,7,5030,5041,5052,5058,5059)
(10106,3,5039,5028,5017,5011)
(10107,1,5009,5020,5031,5042,5053,5058,5057)
(10108,3,5038,5027,5016)
(10109,5,5028,5039,5050)
(10110,2,5020,5031,5042,5048)
(10111,2,5050,5039,5028,5017,5012,5013)
(10112,2,5031,5042,5053,5059)
(10113,4,5038,5027,5016,5011,5006,5001,5002,5003)
(10114,3,5016,5027,5038,5044,5045,5046,5047,5048)
(10115,4,5006,5017,5028,5039)
(10116,1,5041,5030,5019,5008,5002,5001)
(10117,6,5028,5039,5050,5056)
(10118,4,5016,5027,5038,5044)
(10119,4,5039,5028,5017,5006,5000)
(10120,3,5028,5017,5006)
(10121,5,5051,5040,5029,5018,5012,5011)
(10122,4,5017,5028,5039,5050,5055)
(10123,7,5053,5042,5031,5020)
(10124,2,5041,5030,5019,5008,5003)
(10125,2,5019,5030,5041,5052,5058)
(10126,2,5009,5020,5031,5042,5053)
(10127,4,5028,5017,5006)
