#(carId,StartTime,road...)
(10000,3,5030,5041,5052,5058)
(10001,3,5005,5016,5027,5038,5049,5055,5056,5057,5058,5059)
(10002,2,5016,5027,5038,5049,5055,5056,5057,5058,5059)
(10003,1,5018,5029,5040,5051,5057,5058)
(10004,13,5016,5027,5038,5049)
(10005,4,5018,5029,5040)
(10006,2,5039,5028,5017,5006,5001,5002)
(10007,2,5017,5028,5039,5050,5055)
(10008,3,5030,5019,5008,5002,5001,5000)
(10009,2,5054,5043,5032,5021,5010)
(10010,7,5028,5039,5050,5056,5057,5058,5059)
(10011,1,5006,5017,5028,5039,5045)
(10012,1,5051,5040,5029,5023)
(10013,1,5052,5041,5030,5019,5008,5002,5001,5000)
(10014,3,5028,5017,5006,5000)
(10015,3,5032,5043,5054)
(10016,2,5021,5032,5043,5054,5059,5058,5057,5056,5055)
(10017,1,5053,5042,5031,5020,5009,5003,5002)
(10018,2,5040,5029,5018,5007,5002,5003,5004)
(10019,13,5016,5027,5038,5049,5055,5056)
(10020,11,5020,5031,5042,5053)
(10021,4,5032,5043,5054)
(10022,6,5050,5039,5028,5017,5012)
(10023,1,5051,5040,5029,5018,5007,5002)
(10024,2,5042,5031,5020,5009,5003)
(10025,9,5030,5041,5052)
(10026,1,5028,5039,5050,5056,5057)
(10027,5,5018,5029,5040,5051,5057,5058)
(10028,2,5041,5030,5019,5008,5002)
(10029,7,5031,5020,5009,5003,5002,5001,5000)
(10030,1,5009,5020,5031,5037)
(10031,7,5010,5021,5032,5043,5048)
(10032,8,5028,5039,5050,5056,5057,5058,5059)
(10033,1,5010,5021,5032,5043,5054,5059,5058,5057)
(10034,4,5029,5040,5051)
(10035,3,5019,5030,5041,5047)
(10036,3,5028,5039,5050,5056,5057)
(10037,1,5009,5020,5031,5042,5047)
(10038,14,5016,5027,5038,5049,5055,5056)
(10039,7,5010,5021,5032,5043,5054,5059,5058,5057,5056,5055)
(10040,4,5030,5041,5052,5058,5059)
(10041,4,5039,5028,5017,5006,5001,5002)
(10042,1,5029,5018,5007)
(10043,1,5006,5017,5028,5039,5050)
(10044,1,5030,5041,5052)
(10045,3,5010,5021,5032,5043,5054,5059,5058)
(10046,1,5040,5029,5018,5007,5002,5003)
(10047,7,5041,5030,5019)
(10048,1,5041,5030,5019,5008,5002,5001,5000)
(10049,2,5017,5028,5039)
(10050,4,5029,5040,5051,5057)
(10051,2,5032,5021,5010,5004)
(10052,2,5054,5043,5032,5026)
(10053,1,5031,5020,5009,5003)
(10054,14,5038,5027,5016,5011,5012,5007,5002,5003,5004)
(10055,5,5039,5028,5017,5012,5007,5002,5003,5004)
(10056,10,5043,5032,5021,5015,5014,5013,5012)
(10057,2,5005,5016,5027,5033,5034,5035)
(10058,3,5054,5043,5032,5021,5010,5004,5003,5002,5001)
(10059,6,5029,5040,5051,5057,5058,5059)
(10060,3,5028,5017,5006)
(10061,3,5041,5030,5019)
(10062,2,5020,5031,5042,5053,5058)
(10063,1,5038,5027,5016,5005)
(10064,4,5032,5043,5054)
(10065,1,5049,5038,5027,5016)
(10066,1,5031,5042,5053)
(10067,6,5049,5038,5027,5016,5011,5012,5013)
(10068,4,5041,5030,5019,5013,5012,5011)
(10069,2,5038,5027,5016,5005,5000,5001)
(10070,1,5010,5021,5032,5043,5048)
(10071,4,5028,5039,5050,5056)
(10072,1,5050,5039,5028,5023,5018,5013,5014,5015)
(10073,2,5040,5029,5018,5007,5002)
(10074,1,5017,5028,5039,5045,5046,5047,5048)
(10075,6,5039,5028,5017,5006,5001)
(10076,4,5050,5039,5028,5017,5006,5001)
(10077,15,5038,5027,5016)
(10078,7,5031,5020,5009,5003)
(10079,1,5043,5032,5021,5015,5014)
(10080,6,5049,5038,5027,5016,5005,5000,5001)
(10081,3,5040,5029,5018,5007,5002,5003)
(10082,2,5053,5042,5031,5020,5009,5003,5002)
(10083,4,5028,5017,5006,5000)
(10084,4,5008,5019,5030,5041,5052,5058)
(10085,2,5031,5020,5009,5003)
(10086,7,5032,5043,5054)
(10087,2,5021,5032,5043,5054,5059,5058,5057)
(10088,2,5031,5020,5009,5003,5002,5001)
(10089,6,5019,5030,5041,5052)
(10090,8,5010,5021,5032,5043,5054)
(10091,3,5006,5017,5028,5039,5045,5046,5047,5048)
(10092,5,5006,5017,5028,5039,5050,5055)
(10093,1,5029,5040,5051)
(10094,9,5028,5039,5050,5056,5057)
(10095,2,5042,5031,5020,5009,5003,5002,5001)
(10096,1,5049,5038,5027,5016,5011,5012)
(10097,4,5030,5041,5052,5058)
(10098,6,5017,5028,5039,5050,5056,5057)
(10099,14,5040,5029,5018,5007,5002,5003,5004)
(10100,4,5031,5042,5053)
(10101,1,5054,5043,5032,5021,5010,5004,5003,5002,5001)
(10102,9,5021,5032,5043,5054)
(10103,2,5038,5027,5016,5005,5000,5001)
(10104,4,5049,5038,5027,5016,5011)
(10105,11,5042,5031,5020,5009,5003)
(10106,3,5051,5040,5029,5018,5007)
(10107,1,5043,5032,5021,5015,5014)
(10108,1,5050,5039,5028,5017,5012,5013,5014)
(10109,8,5031,5020,5009,5003,5002,5001)
(10110,1,5005,5016,5027,5038,5049,5055,5056,5057)
(10111,2,5038,5027,5016)
(10112,11,5028,5039,5050)
(10113,1,5041,5030,5019)
(10114,4,5054,5043,5032,5021,5015,5014,5013,5012)
(10115,5,5018,5029,5040,5046,5047,5048)
(10116,2,5029,5018,5007,5001,5000)
(10117,1,5021,5032,5043,5054,5059)
(10118,7,5039,5028,5017,5012,5007,5002,5003,5004)
(10119,6,5050,5039,5028,5022)
(10120,4,5007,5018,5029,5035,5036)
(10121,11,5020,5031,5042,5053,5058,5057,5056,5055)
(10122,1,5028,5039,5050,5056,5057,5058)
(10123,2,5027,5016,5005)
(10124,1,5049,5038,5027,5016,5005)
(10125,2,5029,5018,5007,5001)
(10126,1,5030,5041,5052)
(10127,5,5006,5017,5028,5039,5050,5056,5057)
(10128,1,5005,5016,5027,5038,5044,5045,5046,5047,5048)
(10129,8,5032,5043,5054)
(10130,3,5029,5018,5007,5001)
(10131,12,5042,5031,5020,5014)
(10132,8,5010,5021,5032,5043,5048)
(10133,2,5028,5039,5050)
(10134,2,5027,5038,5049,5055,5056,5057,5058,5059)
(10135,2,5052,5041,5030,5019,5014,5015)
(10136,6,5027,5016,5005)
(10137,1,5006,5017,5028,5034,5035,5036,5037)
(10138,1,5039,5028,5017,5006)
(10139,11,5043,5032,5021,5015,5014,5013,5012,5011)
(10140,9,5027,5016,5005)
(10141,1,5040,5029,5018,5007,5002)
(10142,20,5027,5038,5049,5055,5056,5057,5058,5059)
(10143,5,5050,5039,5028,5022)
(10144,12,5042,5031,5020,5014,5013,5012)
(10145,2,5016,5027,5038,5044,5045)
(10146,2,5021,5032,5043,5054,5059,5058)
(10147,8,5041,5030,5019)
(10148,3,5053,5042,5031,5020,5014,5013,5012,5011)
(10149,7,5049,5038,5027,5016,5005,5000,5001,5002)
(10150,1,5017,5028,5039,5045,5046)
(10151,3,5010,5021,5032,5037,5036,5041,5046,5045,5044)
(10152,1,5043,5032,5021)
(10153,2,5032,5043,5054)
(10154,4,5051,5040,5029,5023,5022)
(10155,2,5050,5039,5028,5017,5006,5001,5002,5003)
(10156,4,5010,5021,5032,5037,5036,5041,5046,5045,5044)
(10157,12,5020,5031,5042,5053)
(10158,12,5020,5031,5042,5053)
(10159,5,5030,5041,5052,5058)
(10160,4,5019,5030,5041,5052,5057)
(10161,23,5027,5016,5005)
(10162,1,5020,5031,5042,5053,5058,5057,5056,5055)
(10163,1,5009,5020,5031,5042,5047,5046)
(10164,1,5005,5016,5027,5038,5049,5055,5056,5057,5058,5059)
(10165,4,5019,5030,5041,5052,5058)
(10166,6,5030,5041,5052,5058)
(10167,4,5010,5021,5032,5037,5036,5041,5046,5045,5044)
(10168,3,5005,5016,5027,5038,5049,5055,5056)
(10169,1,5021,5032,5043,5054)
(10170,7,5049,5038,5027,5016,5011,5012,5013)
(10171,13,5043,5032,5021,5015,5014,5013)
(10172,3,5043,5032,5021,5015,5014,5013)
(10173,1,5016,5027,5038,5049,5055)
(10174,1,5005,5016,5027,5038,5044,5045,5046)
(10175,5,5019,5030,5041,5052,5058)
(10176,9,5031,5020,5009,5003)
(10177,7,5050,5039,5028)
(10178,1,5019,5030,5041,5052,5058,5059)
(10179,4,5042,5031,5020,5009)
(10180,23,5027,5016,5005)
(10181,1,5031,5042,5053)
(10182,1,5028,5017,5006)
(10183,9,5029,5018,5007,5001)
(10184,11,5018,5029,5040,5051,5057,5058,5059)
(10185,5,5028,5017,5006,5000)
(10186,1,5009,5020,5031,5042,5047)
(10187,1,5019,5030,5041,5052)
(10188,2,5031,5042,5053)
(10189,1,5030,5041,5052,5058,5059)
(10190,4,5054,5043,5032,5021,5010,5004,5003)
(10191,2,5050,5039,5028,5023,5018,5013,5014,5015)
(10192,3,5031,5020,5009,5003)
(10193,4,5043,5032,5021,5015)
(10194,9,5010,5021,5032,5043,5054,5059,5058)
(10195,1,5027,5038,5049,5055,5056,5057)
(10196,2,5016,5027,5038,5049,5055)
(10197,2,5032,5043,5054)
(10198,1,5028,5017,5006,5000)
(10199,4,5020,5031,5042,5053,5058,5057)
(10200,4,5031,5020,5009,5003)
(10201,2,5053,5042,5031)
(10202,9,5030,5041,5052,5058)
(10203,4,5028,5039,5050,5056,5057,5058)
(10204,1,5043,5032,5021,5015,5014,5013,5012,5011)
(10205,13,5042,5031,5020,5009,5003)
(10206,6,5030,5041,5052,5058,5059)
(10207,12,5028,5039,5050,5056,5057,5058)
(10208,5,5031,5042,5053,5059)
(10209,3,5032,5043,5054)
(10210,7,5018,5029,5040,5051,5057,5058)
(10211,5,5007,5018,5029,5040)
(10212,5,5028,5017,5006,5000)
(10213,4,5029,5018,5007,5001,5000)
(10214,5,5010,5021,5032,5043,5054,5059)
(10215,2,5043,5032,5021,5015,5014,5013,5012,5011)
(10216,3,5052,5041,5030,5019,5008,5002)
(10217,6,5017,5028,5039,5045)
(10218,3,5021,5032,5043,5054,5059,5058,5057,5056,5055)
(10219,5,5054,5043,5032,5021,5015)
(10220,1,5039,5028,5017,5006)
(10221,1,5018,5029,5040,5051)
(10222,3,5006,5017,5028,5039,5050,5056,5057)
(10223,4,5021,5032,5043,5054,5059,5058)
(10224,2,5029,5040,5051,5057)
(10225,12,5018,5029,5040,5051,5056,5055)
(10226,1,5005,5016,5027,5038,5049,5055,5056,5057)
(10227,1,5042,5031,5020,5009,5003,5002,5001,5000)
(10228,2,5038,5027,5016,5005,5000,5001)
(10229,2,5032,5021,5010,5004,5003,5002)
(10230,1,5021,5032,5043,5054)
(10231,4,5049,5038,5027,5022,5017,5012,5013,5014)
(10232,6,5051,5040,5029,5018,5007,5001)
(10233,12,5018,5029,5040,5051,5057,5058)
(10234,5,5049,5038,5027,5016,5005)
(10235,4,5030,5019,5008,5002,5001,5000)
(10236,7,5042,5031,5020,5009,5004)
(10237,2,5031,5042,5053)
(10238,1,5032,5043,5054)
(10239,12,5028,5039,5050,5056,5057,5058,5059)
(10240,13,5018,5029,5040,5051,5057)
(10241,10,5029,5018,5007,5001,5000)
(10242,5,5028,5017,5006,5000)
(10243,3,5017,5028,5039,5050,5056)
(10244,1,5007,5018,5029,5040,5051,5057)
(10245,2,5051,5040,5029,5018,5007,5002,5003)
(10246,1,5027,5016,5005)
(10247,3,5050,5039,5028,5017,5011)
(10248,10,5029,5018,5007,5001)
(10249,6,5051,5040,5029,5018,5013)
(10250,2,5028,5017,5006,5000)
(10251,1,5053,5042,5031,5025)
(10252,4,5008,5019,5030,5041,5047,5048)
(10253,5,5054,5043,5032,5021,5015,5014,5013)
(10254,2,5016,5027,5038,5049,5055,5056,5057)
(10255,5,5010,5021,5032,5037,5042,5047,5046,5045)
(10256,10,5030,5041,5052,5058,5059)
(10257,6,5051,5040,5029,5023)
(10258,1,5028,5017,5006,5000)
(10259,2,5005,5016,5027,5038,5044,5045,5046)
(10260,1,5029,5040,5051,5057,5058)
(10261,11,5029,5018,5007,5001,5000)
(10262,1,5027,5016,5005)
(10263,1,5040,5029,5018,5007,5002,5003)
(10264,4,5021,5032,5043)
(10265,5,5020,5031,5042,5053,5058,5057)
(10266,8,5032,5043,5054)
(10267,3,5050,5039,5028,5017,5012,5013)
(10268,4,5005,5016,5027,5033,5034,5035,5036,5037)
(10269,6,5031,5042,5053,5059)
(10270,4,5051,5040,5029,5018,5007,5001,5000)
(10271,1,5040,5029,5018,5007,5002)
(10272,4,5050,5039,5028,5017,5006,5001,5002,5003)
(10273,1,5054,5043,5032)
(10274,1,5007,5018,5029,5040,5051,5057)
(10275,2,5007,5018,5029,5035,5036,5037)
(10276,2,5027,5016,5005)
(10277,6,5010,5021,5032,5043)
(10278,1,5052,5041,5030,5019,5008,5003)
(10279,1,5032,5043,5054)
(10280,1,5010,5021,5032,5043,5048,5047,5046)
(10281,7,5050,5039,5028,5017,5006)
(10282,11,5040,5029,5018,5007,5002)
(10283,2,5052,5041,5030,5019,5013,5012,5011)
(10284,4,5006,5017,5028,5039,5050,5055)
(10285,13,5020,5031,5042,5053,5058,5057,5056,5055)
(10286,6,5006,5017,5028,5039,5050,5056,5057,5058,5059)
(10287,3,5052,5041,5030,5019,5014)
(10288,1,5030,5041,5052,5058)
(10289,1,5017,5028,5039,5050,5056,5057)
(10290,13,5018,5029,5040,5051)
(10291,10,5031,5020,5009)
(10292,14,5028,5039,5050,5056,5057)
(10293,8,5049,5038,5027,5016,5005,5000,5001)
(10294,2,5028,5039,5050,5056,5057,5058)
(10295,1,5008,5019,5030,5041,5052)
(10296,7,5028,5017,5006)
(10297,21,5027,5038,5049,5055,5056,5057,5058)
(10298,2,5027,5038,5049,5055)
(10299,2,5007,5018,5029,5040,5051,5056)
(10300,5,5020,5031,5042)
(10301,2,5041,5030,5019)
(10302,8,5049,5038,5027,5016,5011)
(10303,2,5019,5030,5041,5052)
(10304,1,5038,5027,5016,5005,5000)
(10305,2,5030,5041,5052,5058,5059)
(10306,5,5043,5032,5021,5015,5014,5013)
(10307,6,5028,5039,5050,5056,5057,5058)
(10308,5,5008,5019,5030,5041,5046,5045)
(10309,7,5051,5040,5029,5018,5013,5014,5015)
(10310,13,5042,5031,5020,5009,5003,5002)
(10311,2,5028,5039,5050,5056,5057)
(10312,14,5032,5043,5054)
(10313,5,5041,5030,5019,5008,5002)
(10314,1,5006,5017,5028,5039,5045,5046)
(10315,4,5053,5042,5031,5020,5009)
(10316,9,5041,5030,5019,5008,5003)
(10317,15,5028,5039,5050,5056)
(10318,2,5018,5029,5040,5051,5057,5058,5059)
(10319,5,5008,5019,5030,5036)
(10320,1,5021,5032,5043,5054,5059,5058)
(10321,5,5051,5040,5029,5018,5013,5014)
(10322,1,5020,5031,5042,5053,5058,5057)
(10323,1,5031,5020,5009,5003,5002,5001)
(10324,9,5020,5031,5042,5053,5058,5057,5056)
(10325,13,5040,5029,5018,5007,5001)
(10326,10,5030,5041,5052,5058)
(10327,2,5028,5039,5050)
(10328,4,5032,5021,5010,5004,5003,5002,5001)
(10329,3,5031,5042,5053,5059)
(10330,1,5049,5038,5027,5022,5023,5018,5013,5014,5015)
(10331,9,5049,5038,5027)
(10332,3,5031,5042,5053)
(10333,5,5021,5032,5043,5054,5059,5058,5057,5056,5055)
(10334,3,5053,5042,5031,5020,5009,5003,5002,5001,5000)
(10335,15,5038,5027,5016,5005)
(10336,4,5017,5028,5039,5050,5056,5057)
(10337,2,5039,5028,5017,5006)
(10338,2,5051,5040,5029,5018,5013,5014,5015)
(10339,7,5016,5027,5038,5049,5055,5056,5057,5058)
(10340,15,5028,5039,5050,5056,5057)
(10341,5,5031,5020,5009,5003,5002,5001,5000)
(10342,2,5039,5028,5017,5006,5001,5002,5003)
(10343,3,5052,5041,5030,5024,5023)
(10344,6,5021,5032,5043,5054,5059,5058,5057,5056)
(10345,14,5032,5043,5054)
(10346,1,5030,5019,5008,5002)
(10347,1,5027,5016,5005)
(10348,9,5010,5021,5032,5043,5054,5059,5058)
(10349,5,5029,5018,5007,5001,5000)
(10350,16,5038,5027,5016,5005,5000,5001)
(10351,5,5027,5038,5049,5055,5056,5057)
(10352,2,5038,5027,5016,5005,5000)
(10353,7,5031,5042,5053,5059)
(10354,10,5020,5031,5042,5053,5059)
(10355,6,5043,5032,5021,5010,5004,5003,5002)
(10356,4,5007,5018,5029,5035,5036)
(10357,7,5016,5027,5038,5049)
(10358,5,5027,5038,5049)
(10359,3,5032,5021,5010,5004)
(10360,1,5020,5031,5042,5053,5058,5057)
(10361,4,5017,5028,5039,5050,5056)
(10362,10,5021,5032,5043,5054)
(10363,1,5028,5017,5006)
(10364,8,5031,5042,5053)
(10365,10,5020,5031,5042,5053)
(10366,1,5029,5040,5051,5057)
(10367,10,5016,5027,5038,5049,5055,5056,5057,5058,5059)
(10368,19,5027,5038,5049,5055,5056,5057,5058)
(10369,5,5027,5016,5005)
(10370,7,5029,5018,5007,5001,5000)
(10371,11,5016,5027,5038,5049,5055,5056,5057,5058)
(10372,13,5020,5031,5042,5053,5058)
(10373,3,5031,5042,5053,5059)
(10374,16,5038,5027,5016,5005,5000)
(10375,6,5029,5040,5051,5057)
(10376,5,5030,5019,5008,5002,5001,5000)
(10377,1,5029,5040,5051,5057,5058)
(10378,7,5017,5028,5039,5045,5046,5047)
(10379,24,5027,5016,5005)
(10380,2,5051,5040,5029,5018,5012,5011)
(10381,5,5050,5039,5028,5017,5012)
(10382,1,5039,5028,5017,5006,5001)
(10383,1,5042,5031,5020,5009,5003,5002,5001)
(10384,7,5028,5017,5006)
(10385,4,5031,5042,5053)
(10386,1,5016,5027,5038,5049,5055,5056,5057)
(10387,2,5039,5028,5017,5006)
(10388,3,5053,5042,5031,5020,5009,5003,5002,5001,5000)
(10389,8,5029,5018,5007)
(10390,3,5009,5020,5031,5042,5048)
(10391,14,5020,5031,5042,5053,5058,5057)
(10392,4,5052,5041,5030,5024)
(10393,3,5005,5016,5027)
(10394,2,5031,5020,5009,5003,5002)
(10395,2,5049,5038,5027,5016,5011,5012,5013)
(10396,15,5040,5029,5018,5012,5011)
(10397,2,5008,5019,5030,5036)
(10398,1,5021,5032,5043,5054,5059)
(10399,4,5005,5016,5027,5033,5034,5035,5036,5037)
(10400,1,5008,5019,5030,5041)
(10401,3,5032,5021,5010)
(10402,20,5027,5038,5049,5055,5056)
(10403,1,5027,5038,5049)
(10404,7,5030,5041,5052)
(10405,15,5032,5043,5054)
(10406,13,5040,5029,5018,5007,5002,5003,5004)
(10407,2,5007,5018,5029,5040,5051,5057)
(10408,11,5029,5018,5007)
(10409,6,5021,5032,5043,5054)
(10410,1,5027,5038,5049)
(10411,7,5043,5032,5021,5010,5004)
(10412,2,5006,5017,5028,5034,5035,5036,5037)
(10413,24,5027,5016,5005)
(10414,1,5027,5038,5049,5055,5056,5057,5058,5059)
(10415,5,5049,5038,5027,5016)
(10416,5,5005,5016,5027,5038,5044,5045)
(10417,7,5051,5040,5029,5023)
(10418,1,5009,5020,5031,5042,5047,5046)
(10419,17,5038,5027,5016,5005)
(10420,2,5040,5029,5018,5007,5001,5000)
(10421,1,5027,5038,5049,5055)
(10422,6,5028,5039,5050)
(10423,1,5010,5021,5032,5043,5048)
(10424,8,5051,5040,5029,5023)
(10425,2,5049,5038,5027)
(10426,10,5021,5032,5043)
(10427,3,5007,5018,5029,5040,5046,5047,5048)
(10428,17,5038,5027,5016,5005,5000,5001,5002)
(10429,2,5005,5016,5027,5033,5034)
(10430,4,5053,5042,5031,5020,5014,5013,5012)
(10431,7,5021,5032,5043)
(10432,14,5040,5029,5018,5007,5002,5003)
(10433,9,5029,5018,5007,5001)
(10434,7,5018,5029,5040)
(10435,2,5005,5016,5027,5038,5049,5055)
(10436,10,5018,5029,5040,5046,5047,5048)
(10437,3,5009,5020,5031,5042,5047,5046)
(10438,3,5054,5043,5032,5026,5025,5024,5023,5022)
(10439,2,5009,5020,5031,5042)
(10440,10,5010,5021,5032,5043,5054,5059)
(10441,9,5049,5038,5027,5016,5005,5000,5001)
(10442,5,5051,5040,5029,5023)
(10443,6,5031,5042,5053)
(10444,1,5028,5017,5006,5000)
(10445,2,5008,5019,5030)
(10446,4,5038,5027,5016,5011,5006,5001,5002,5003)
(10447,1,5017,5028,5039,5045)
(10448,4,5009,5020,5031,5042,5053,5058,5057,5056)
(10449,1,5029,5040,5051,5057)
(10450,2,5030,5019,5008,5002)
(10451,8,5017,5028,5039,5050,5055)
(10452,2,5019,5030,5041,5052,5057,5056)
(10453,5,5038,5027,5016,5005)
(10454,10,5031,5020,5009,5003,5002)
(10455,6,5019,5030,5041,5052,5058)
(10456,11,5016,5027,5038)
(10457,1,5032,5043,5054)
(10458,7,5028,5039,5050)
(10459,4,5006,5017,5028,5039,5050,5056,5057)
(10460,6,5041,5030,5019,5008,5003,5004)
(10461,25,5027,5016,5005)
(10462,2,5043,5032,5021,5015,5014,5013)
(10463,4,5032,5021,5010)
(10464,11,5018,5029,5040,5051,5056,5055)
(10465,2,5029,5040,5051,5057,5058)
(10466,5,5017,5028,5039,5050,5055)
(10467,6,5051,5040,5029,5018)
(10468,2,5031,5020,5009)
(10469,10,5041,5030,5019,5008,5002)
(10470,5,5053,5042,5031,5020,5014,5013,5012)
(10471,6,5010,5021,5032,5043,5054)
(10472,7,5038,5027,5016,5011,5012,5007,5002,5003,5004)
(10473,5,5053,5042,5031,5020,5009,5004)
(10474,3,5049,5038,5027)
(10475,11,5041,5030,5019,5008,5003)
(10476,3,5008,5019,5030,5041,5052,5057,5056)
(10477,15,5032,5043,5054)
(10478,12,5016,5027,5038,5049,5055,5056,5057,5058)
(10479,8,5042,5031,5020,5009,5003,5002,5001,5000)
(10480,21,5027,5038,5049,5055,5056,5057,5058)
(10481,9,5021,5032,5043,5054,5059,5058,5057,5056,5055)
(10482,2,5020,5031,5042,5053,5058,5057)
(10483,6,5053,5042,5031,5025,5024,5023)
(10484,6,5008,5019,5030,5041,5052,5058)
(10485,12,5016,5027,5038,5049,5055,5056,5057,5058)
(10486,3,5032,5021,5010,5004,5003)
(10487,2,5018,5029,5040,5051,5056)
(10488,2,5028,5017,5006,5000)
(10489,2,5009,5020,5031,5042,5047,5046)
(10490,2,5054,5043,5032,5021)
(10491,2,5030,5019,5008,5002)
(10492,3,5008,5019,5030,5036,5037)
(10493,3,5051,5040,5029)
(10494,6,5031,5020,5009,5003,5002,5001)
(10495,2,5010,5021,5032,5043,5054,5059,5058,5057,5056)
(10496,1,5029,5018,5007)
(10497,16,5032,5043,5054)
(10498,3,5053,5042,5031)
(10499,8,5030,5041,5052,5058,5059)
(10500,2,5006,5017,5028,5039,5045,5046,5047,5048)
(10501,12,5029,5018,5007)
(10502,3,5039,5028,5017,5006,5001,5002)
(10503,3,5049,5038,5027,5016)
(10504,8,5043,5032,5021,5015,5014)
(10505,9,5043,5032,5021,5010)
(10506,2,5010,5021,5032,5043,5054)
(10507,3,5007,5018,5029,5035,5036)
(10508,7,5029,5040,5051)
(10509,2,5030,5041,5052,5058,5059)
(10510,1,5027,5016,5005)
(10511,6,5053,5042,5031,5020,5009,5003)
