#(carId,StartTime,road...)
(10000,1,5020,5031,5042,5053)
(10001,1,5039,5028,5017,5006,5001)
(10002,1,5028,5039,5050,5056,5057,5058)
(10003,1,5050,5039,5028,5022)
(10004,1,5008,5019,5030,5036)
(10005,1,5040,5029,5018,5007,5002,5003)
(10006,1,5028,5039,5050)
(10007,1,5017,5028,5039,5045,5046,5047,5048)
(10008,1,5009,5020,5031,5042,5047,5046,5045)
(10009,1,5050,5039,5028,5023,5018,5013,5014,5015)
(10010,1,5008,5019,5030,5041,5052,5057,5056,5055)
(10011,1,5043,5032,5021,5010,5004,5003,5002)
(10012,1,5040,5029,5018,5007,5001)
(10013,1,5052,5041,5030,5019,5013,5012,5011)
(10014,1,5019,5030,5041,5052)
(10015,1,5028,5017,5006,5000)
(10016,1,5031,5020,5009,5003,5002)
(10017,1,5049,5038,5027,5022,5017,5012,5013,5014)
(10018,1,5028,5039,5050,5056,5057,5058,5059)
(10019,1,5030,5041,5052,5058,5059)
(10020,1,5043,5032,5021,5010,5004,5003)
(10021,1,5050,5039,5028,5017,5006,5001,5002)
(10022,1,5032,5043,5054)
(10023,1,5051,5040,5029,5018,5007,5001,5000)
(10024,2,5050,5039,5028,5023,5018,5013,5014,5015)
(10025,1,5027,5016,5005)
(10026,1,5054,5043,5032)
(10027,1,5039,5028,5017)
(10028,1,5040,5029,5018,5007,5002)
(10029,1,5049,5038,5027,5022,5017,5012,5013,5014)
(10030,1,5016,5027,5038,5049,5055,5056,5057,5058,5059)
(10031,1,5027,5016,5005)
(10032,1,5038,5027,5016,5005,5000)
(10033,1,5030,5019,5008)
(10034,1,5031,5042,5053)
(10035,1,5054,5043,5032,5021)
(10036,1,5031,5042,5053,5059)
(10037,1,5031,5020,5009,5003)
(10038,1,5017,5028,5039,5050,5056,5057)
(10039,1,5019,5030,5041,5052,5057,5056)
(10040,1,5032,5043,5054)
(10041,1,5020,5031,5042,5053,5058)
(10042,1,5016,5027,5038,5044,5045,5046,5047,5048)
(10043,1,5018,5029,5040,5051,5057,5058)
(10044,2,5049,5038,5027,5016,5011,5006,5001,5002,5003)
(10045,1,5032,5043,5054)
(10046,1,5028,5039,5050,5056,5057,5058)
(10047,2,5017,5028,5039,5045,5046,5047,5048)
(10048,1,5019,5030,5041,5052,5058)
(10049,1,5039,5028,5017,5012,5007,5002,5003,5004)
(10050,1,5041,5030,5019,5008,5002)
(10051,2,5016,5027,5038,5049)
(10052,1,5031,5042,5053)
(10053,1,5006,5017,5028,5034)
(10054,1,5027,5016,5005)
(10055,2,5049,5038,5027,5016,5005)
(10056,1,5010,5021,5032,5043)
(10057,1,5032,5021,5010,5004,5003,5002)
(10058,2,5017,5028,5039,5050,5056,5057)
(10059,1,5052,5041,5030,5019,5008,5002,5001)
(10060,1,5051,5040,5029,5018,5007,5002,5003,5004)
(10061,1,5009,5020,5031,5042,5053,5059)
(10062,1,5009,5020,5031,5036,5041,5046,5045,5044)
(10063,1,5027,5016,5005)
(10064,1,5040,5029,5018,5012)
(10065,1,5027,5038,5049)
(10066,2,5050,5039,5028,5023,5018,5013,5014,5015)
(10067,1,5042,5031,5020,5009,5003,5002,5001,5000)
(10068,1,5042,5031,5020,5014,5013,5012,5011)
(10069,1,5038,5027,5016,5011,5006,5001,5002,5003)
(10070,1,5028,5017,5006,5000)
(10071,2,5049,5038,5027,5016,5011,5012,5013)
(10072,4,5017,5028,5039,5045)
(10073,1,5005,5016,5027,5038,5044,5045,5046,5047)
(10074,1,5030,5019,5008,5002,5001)
(10075,2,5031,5020,5009,5003,5002)
(10076,2,5028,5017,5006)
(10077,1,5042,5031,5020,5009,5003,5002,5001)
(10078,1,5008,5019,5030,5041,5047,5048)
(10079,1,5029,5040,5051)
(10080,3,5050,5039,5028,5017,5006,5000)
(10081,1,5053,5042,5031,5025,5024,5023,5022)
(10082,1,5027,5038,5049,5055,5056,5057,5058)
(10083,1,5053,5042,5031,5020,5014)
(10084,1,5007,5018,5029,5040,5051,5057,5058,5059)
(10085,1,5030,5041,5052,5058)
(10086,1,5039,5028,5017)
(10087,2,5019,5030,5041,5052,5058,5059)
(10088,1,5021,5032,5043)
(10089,2,5039,5028,5017,5006,5001)
(10090,1,5030,5041,5052,5058,5059)
(10091,2,5043,5032,5021,5015,5014)
(10092,1,5010,5021,5032,5043,5054,5059,5058,5057,5056,5055)
(10093,1,5021,5032,5043,5054,5059,5058,5057,5056)
(10094,1,5041,5030,5019,5008,5002,5001,5000)
(10095,2,5049,5038,5027,5022,5023,5018,5013,5014,5015)
(10096,1,5040,5029,5018,5007,5002,5003,5004)
(10097,1,5032,5043,5054)
(10098,2,5051,5040,5029,5018,5007,5002)
(10099,5,5017,5028,5039)
(10100,5,5017,5028,5039,5045)
(10101,1,5052,5041,5030,5019,5008,5002)
(10102,1,5029,5040,5051,5057,5058)
(10103,1,5030,5019,5008,5002,5001)
(10104,3,5050,5039,5028,5017,5012,5007,5002,5003,5004)
(10105,1,5054,5043,5032,5021,5015,5014)
(10106,2,5016,5027,5038,5049,5055,5056,5057)
(10107,1,5027,5016,5005)
(10108,4,5050,5039,5028)
(10109,2,5040,5029,5018)
(10110,6,5017,5028,5039,5050,5056,5057)
(10111,2,5051,5040,5029,5023)
(10112,1,5005,5016,5027,5033,5034,5035,5036)
(10113,10,5017,5028,5039,5050)
(10114,3,5049,5038,5027,5016,5011,5012)
(10115,4,5050,5039,5028,5017,5006,5001)
(10116,1,5030,5041,5052,5058)
(10117,1,5021,5032,5043,5054,5059)
(10118,2,5019,5030,5041,5047,5048)
(10119,2,5016,5027,5038,5049,5055,5056,5057)
(10120,1,5054,5043,5032,5021,5015,5014,5013,5012)
(10121,1,5029,5018,5007,5001,5000)
(10122,2,5009,5020,5031,5042,5047)
(10123,2,5051,5040,5029,5018,5007,5001,5000)
(10124,2,5010,5021,5032,5043,5054,5059)
(10125,2,5010,5021,5032,5043,5048)
(10126,2,5009,5020,5031,5042,5053,5059)
(10127,3,5010,5021,5032,5043,5054,5059,5058,5057,5056,5055)
(10128,10,5017,5028,5039,5050,5056,5057,5058)
(10129,2,5027,5016,5005)
(10130,1,5038,5027,5016)
(10131,2,5041,5030,5019,5013)
(10132,2,5030,5041,5052)
(10133,11,5017,5028,5039,5045,5046,5047,5048)
(10134,1,5006,5017,5028,5039,5050,5055)
(10135,1,5032,5043,5054)
(10136,3,5010,5021,5032,5043,5048,5047)
(10137,1,5021,5032,5043,5054,5059,5058)
(10138,2,5031,5020,5009,5003,5002,5001,5000)
(10139,2,5051,5040,5029)
(10140,5,5050,5039,5028,5017,5012,5007,5002,5003,5004)
(10141,2,5043,5032,5021,5010,5004)
(10142,2,5016,5027,5038,5044)
(10143,1,5007,5018,5029,5040,5051,5056)
(10144,2,5030,5019,5008)
(10145,3,5016,5027,5038,5049)
(10146,1,5054,5043,5032,5026,5025,5024,5023,5022)
(10147,2,5027,5038,5049)
(10148,2,5031,5042,5053,5059)
(10149,1,5029,5018,5007,5001)
(10150,2,5041,5030,5019,5008,5003,5004)
(10151,3,5049,5038,5027,5016)
(10152,1,5007,5018,5029,5040,5051,5057)
(10153,1,5042,5031,5020,5014,5013,5012)
(10154,1,5053,5042,5031)
(10155,1,5052,5041,5030,5019,5008)
(10156,2,5032,5043,5054)
(10157,2,5027,5016,5005)
(10158,2,5031,5042,5053)
(10159,1,5020,5031,5042,5053,5058,5057)
(10160,2,5051,5040,5029,5018,5007,5002)
(10161,4,5019,5030,5041,5052,5057,5056,5055)
(10162,3,5009,5020,5031,5042,5047)
(10163,4,5031,5042,5053,5059)
(10164,4,5031,5042,5053)
(10165,4,5010,5021,5032,5043)
(10166,4,5049,5038,5027,5016,5011,5012,5007,5002,5003,5004)
(10167,6,5027,5016,5005)
(10168,6,5027,5016,5005)
(10169,1,5008,5019,5030,5041,5047,5048)
(10170,2,5029,5040,5051,5057,5058)
(10171,2,5028,5039,5050,5056,5057,5058,5059)
(10172,1,5018,5029,5040)
(10173,11,5017,5028,5039,5050,5056,5057,5058,5059)
(10174,4,5010,5021,5032,5043,5054,5059,5058,5057,5056,5055)
(10175,2,5028,5039,5050,5056,5057)
(10176,2,5021,5032,5043,5054,5059,5058,5057)
(10177,1,5052,5041,5030,5019,5008,5002)
(10178,1,5038,5027,5016,5011,5012,5007,5002,5003,5004)
(10179,2,5030,5019,5008,5002)
(10180,2,5029,5040,5051,5057,5058,5059)
(10181,2,5043,5032,5021)
(10182,1,5007,5018,5029,5040,5051,5057,5058)
(10183,5,5010,5021,5032,5043,5054,5059,5058,5057,5056,5055)
(10184,6,5016,5027,5038,5044,5045,5046,5047)
(10185,4,5019,5030,5041,5052,5058)
(10186,1,5053,5042,5031,5020,5015)
(10187,1,5042,5031,5020,5009,5003)
(10188,2,5027,5038,5049,5055)
(10189,2,5028,5017,5006)
(10190,2,5043,5032,5021,5010,5004,5003)
(10191,2,5021,5032,5043)
(10192,1,5020,5031,5042,5048)
(10193,2,5008,5019,5030,5041,5046)
(10194,3,5009,5020,5031,5042,5053,5058,5057,5056,5055)
(10195,2,5042,5031,5020,5014,5013,5012,5011)
(10196,2,5038,5027,5016,5005,5000)
(10197,2,5039,5028,5017,5006,5000)
(10198,5,5019,5030,5041,5052,5058,5059)
(10199,7,5027,5016,5005)
(10200,7,5016,5027,5038,5044,5045)
(10201,2,5052,5041,5030,5019,5014)
(10202,5,5030,5019,5008)
(10203,2,5030,5041,5052,5058)
(10204,2,5041,5030,5019,5008)
(10205,7,5027,5016,5005)
(10206,2,5054,5043,5032,5026,5025,5024,5023,5022)
(10207,5,5010,5021,5032,5043,5048)
(10208,10,5019,5030,5041,5047)
(10209,18,5027,5016,5005)
(10210,18,5027,5016,5005)
(10211,4,5028,5017,5006)
(10212,1,5007,5018,5029,5040,5046,5047,5048)
(10213,5,5050,5039,5028,5017,5012)
(10214,4,5031,5042,5053,5059)
(10215,1,5006,5017,5028,5039,5050,5056,5057,5058,5059)
(10216,4,5031,5042,5053)
(10217,2,5032,5043,5054)
(10218,12,5017,5028,5039,5050,5055)
(10219,16,5030,5019,5008,5002,5001)
(10220,1,5006,5017,5028,5039,5050,5056)
(10221,7,5028,5017,5006,5000)
(10222,4,5043,5032,5021,5010,5004,5003,5002,5001)
(10223,2,5041,5030,5019,5008,5003)
(10224,6,5010,5021,5032,5043,5048,5047,5046)
(10225,2,5038,5027,5016,5005,5000)
(10226,4,5028,5039,5050,5056,5057,5058,5059)
(10227,19,5027,5016,5005)
(10228,2,5008,5019,5030,5036)
(10229,2,5053,5042,5031,5025)
(10230,4,5043,5032,5021,5015,5014,5013,5012,5011)
(10231,2,5042,5031,5020,5009,5004)
(10232,4,5032,5043,5054)
(10233,1,5018,5029,5040,5051,5056,5055)
(10234,12,5017,5028,5039,5050,5056)
(10235,3,5008,5019,5030,5041,5052,5057,5056,5055)
(10236,3,5021,5032,5043)
(10237,8,5028,5017,5006,5000)
(10238,1,5006,5017,5028,5039,5045,5046,5047,5048)
(10239,6,5041,5030,5019)
(10240,13,5017,5028,5039,5050)
(10241,4,5031,5020,5009)
(10242,9,5043,5032,5021,5015,5014,5013)
(10243,16,5030,5019,5008)
(10244,4,5021,5032,5043,5054)
(10245,4,5031,5020,5009,5003,5002,5001,5000)
(10246,2,5029,5040,5051,5057,5058)
(10247,1,5032,5021,5010,5004)
(10248,3,5030,5041,5052,5058,5059)
(10249,4,5021,5032,5043,5054,5059,5058,5057,5056)
(10250,9,5043,5032,5021,5015,5014,5013,5012)
(10251,8,5028,5017,5006,5000)
(10252,2,5054,5043,5032,5026,5025)
(10253,6,5041,5030,5019,5008,5002)
(10254,2,5029,5040,5051,5057)
(10255,8,5041,5030,5019,5008,5002,5001)
(10256,2,5005,5016,5027,5038,5044,5045,5046)
(10257,2,5029,5018,5007,5001,5000)
(10258,1,5032,5021,5010,5004)
(10259,7,5016,5027,5038,5049,5055,5056,5057)
(10260,1,5018,5029,5040,5051,5057)
(10261,3,5008,5019,5030,5041,5052,5057,5056,5055)
(10262,6,5010,5021,5032)
(10263,6,5021,5032,5043,5054,5059,5058,5057,5056)
(10264,3,5051,5040,5029,5018,5007,5001,5000)
(10265,2,5053,5042,5031,5020,5009,5003,5002,5001)
(10266,11,5019,5030,5041,5052,5057)
(10267,8,5041,5030,5019,5013,5012,5011)
(10268,19,5027,5016,5005)
(10269,4,5049,5038,5027,5016,5011,5006,5001,5002,5003)
(10270,2,5052,5041,5030)
(10271,1,5032,5021,5010,5004,5003)
(10272,5,5038,5027,5016,5011,5006,5001,5002,5003)
(10273,2,5018,5029,5040,5051,5057)
(10274,6,5027,5038,5049,5055,5056,5057,5058,5059)
(10275,6,5021,5032,5043,5054,5059,5058)
(10276,2,5007,5018,5029,5035,5036,5037)
(10277,11,5019,5030,5041,5052,5057,5056,5055)
(10278,7,5031,5020,5009,5003,5002)
(10279,17,5030,5019,5008,5002,5001)
(10280,9,5041,5030,5019,5008,5002,5001)
(10281,2,5029,5040,5051)
(10282,5,5049,5038,5027,5016,5005,5000,5001)
(10283,4,5032,5043,5054)
(10284,2,5052,5041,5030)
(10285,2,5005,5016,5027,5038,5049,5055,5056)
(10286,3,5054,5043,5032,5021,5010,5004)
(10287,8,5016,5027,5038,5044,5045,5046,5047)
(10288,4,5032,5043,5054)
(10289,4,5042,5031,5020,5014,5013)
(10290,5,5032,5043,5054)
(10291,3,5053,5042,5031,5025,5024)
(10292,2,5006,5017,5028,5034,5035)
(10293,3,5029,5040,5051,5057,5058)
(10294,2,5018,5029,5040,5051,5057)
(10295,2,5052,5041,5030,5019)
(10296,9,5016,5027,5038,5049,5055)
(10297,3,5029,5040,5051,5057)
(10298,2,5007,5018,5029,5040,5046,5047,5048)
(10299,2,5007,5018,5029,5040,5051,5057,5058)
(10300,5,5031,5042,5053,5059)
(10301,13,5017,5028,5039,5050,5056)
(10302,4,5029,5040,5051,5057,5058)
(10303,17,5030,5019,5008,5002,5001,5000)
(10304,3,5052,5041,5030,5019,5014)
(10305,6,5027,5038,5049,5055,5056,5057)
(10306,2,5029,5018,5007,5001,5000)
(10307,6,5050,5039,5028)
(10308,5,5032,5043,5054)
(10309,5,5029,5018,5007,5001)
(10310,20,5027,5016,5005)
(10311,22,5028,5017,5006)
(10312,7,5010,5021,5032,5043,5054,5059,5058)
(10313,5,5029,5018,5007)
(10314,2,5005,5016,5027,5038,5044,5045,5046,5047,5048)
(10315,10,5043,5032,5021,5010,5004)
(10316,18,5030,5019,5008,5002,5001,5000)
(10317,7,5010,5021,5032)
(10318,7,5021,5032,5043,5054,5059,5058,5057,5056,5055)
(10319,2,5040,5029,5018,5007,5002)
(10320,2,5040,5029,5018,5007,5001,5000)
(10321,2,5020,5031,5042)
(10322,3,5051,5040,5029,5023,5022)
(10323,8,5018,5029,5040,5051)
(10324,5,5049,5038,5027,5016,5011,5012,5013)
(10325,12,5019,5030,5041,5052,5058)
(10326,9,5016,5027,5038,5049)
(10327,2,5020,5031,5042,5053)
(10328,6,5029,5018,5007)
(10329,12,5019,5030,5041)
(10330,10,5016,5027,5038,5044,5045,5046,5047)
(10331,3,5054,5043,5032,5021)
(10332,4,5051,5040,5029,5018,5012)
(10333,3,5020,5031,5042,5048)
(10334,13,5019,5030,5041,5052,5058,5059)
(10335,2,5006,5017,5028,5034,5035)
(10336,20,5027,5016,5005)
(10337,2,5007,5018,5029,5040,5051,5057,5058)
(10338,8,5010,5021,5032)
(10339,8,5038,5027,5016,5005,5000)
(10340,13,5019,5030,5041,5052,5057,5056)
(10341,7,5027,5038,5049)
(10342,18,5030,5019,5008,5002,5001)
(10343,10,5043,5032,5021,5015)
(10344,4,5051,5040,5029,5018,5007)
(10345,11,5043,5032,5021,5015)
(10346,7,5032,5043,5054)
(10347,9,5038,5027,5016,5005,5000,5001,5002)
(10348,3,5053,5042,5031,5020,5014,5013)
(10349,8,5031,5020,5009,5003)
(10350,21,5027,5016,5005)
(10351,5,5042,5031,5020,5014,5013,5012,5011)
(10352,21,5027,5016,5005)
(10353,6,5042,5031,5020,5014,5013,5012)
(10354,7,5027,5038,5049,5055,5056)
(10355,14,5021,5032,5043,5054,5059)
(10356,4,5008,5019,5030,5041,5052,5057)
(10357,21,5032,5043,5054)
(10358,11,5018,5029,5040,5046,5047)
(10359,22,5032,5043,5054)
(10360,6,5050,5039,5028,5017)
(10361,7,5050,5039,5028,5023,5018,5013,5014,5015)
(10362,11,5042,5031,5020)
(10363,5,5051,5040,5029,5018,5007)
(10364,2,5032,5021,5010,5004)
(10365,4,5053,5042,5031,5020,5009,5003,5002,5001,5000)
(10366,3,5006,5017,5028,5039,5050)
(10367,10,5016,5027,5038,5044)
(10368,7,5050,5039,5028,5023,5018,5013,5014,5015)
(10369,22,5028,5017,5006,5000)
(10370,22,5027,5016,5005)
(10371,4,5054,5043,5032,5021,5010,5004,5003,5002)
(10372,22,5027,5016,5005)
(10373,2,5005,5016,5027,5038,5049,5055,5056,5057,5058)
(10374,4,5020,5031,5042,5053,5059)
(10375,8,5050,5039,5028,5017,5006,5001)
(10376,4,5009,5020,5031,5036,5041,5046,5045,5044)
(10377,4,5054,5043,5032,5021,5010,5004,5003)
(10378,14,5021,5032,5043,5054,5059,5058,5057)
(10379,4,5029,5040,5051,5057)
(10380,15,5021,5032,5043,5054,5059,5058,5057,5056,5055)
(10381,14,5017,5028,5039,5050,5055)
(10382,10,5038,5027,5016,5005,5000,5001,5002)
(10383,11,5018,5029,5040)
(10384,2,5040,5029,5018,5007)
(10385,3,5007,5018,5029,5040)
(10386,14,5019,5030,5041,5052,5057,5056,5055)
(10387,11,5016,5027,5038,5044)
(10388,4,5020,5031,5042,5053,5058)
(10389,19,5030,5019,5008,5002)
(10390,8,5031,5020,5009,5003,5002,5001)
(10391,9,5041,5030,5019,5008,5002,5001,5000)
(10392,11,5043,5032,5021,5015,5014)
(10393,3,5007,5018,5029)
(10394,12,5043,5032,5021)
(10395,4,5030,5041,5052,5058)
(10396,22,5032,5043,5054)
(10397,3,5039,5028,5017,5006,5001,5002,5003)
(10398,18,5027,5038,5049)
(10399,23,5027,5016,5005)
(10400,5,5051,5040,5029,5018,5012)
(10401,23,5027,5016,5005)
(10402,8,5050,5039,5028,5017,5011)
(10403,18,5031,5042,5053,5059)
(10404,4,5028,5039,5050,5056,5057)
(10405,3,5006,5017,5028,5039,5050,5056,5057)
(10406,4,5039,5028,5017,5006,5001)
(10407,4,5007,5018,5029,5040,5051,5056,5055)
(10408,6,5029,5018,5007,5001,5000)
(10409,4,5030,5041,5052,5058,5059)
(10410,7,5040,5029,5018,5007,5002,5003)
(10411,12,5043,5032,5021,5010,5004,5003)
(10412,9,5028,5039,5050)
(10413,14,5019,5030,5041,5052,5057,5056)
(10414,6,5051,5040,5029,5023,5022)
(10415,24,5027,5016,5005)
(10416,12,5018,5029,5040,5046)
(10417,23,5032,5043,5054)
(10418,19,5031,5042,5053)
(10419,5,5030,5041,5052,5058,5059)
(10420,23,5032,5043,5054)
(10421,12,5018,5029,5040,5046,5047,5048)
(10422,2,5032,5021,5010,5004,5003,5002)
(10423,19,5031,5042,5053)
(10424,7,5039,5028,5017)
(10425,19,5027,5038,5049,5055,5056,5057,5058)
(10426,8,5050,5039,5028,5017,5006,5001,5002,5003)
(10427,9,5050,5039,5028,5023,5018,5013,5014,5015)
(10428,14,5017,5028,5039,5050,5056)
(10429,9,5028,5039,5050,5056,5057)
(10430,8,5010,5021,5032,5043,5054)
(10431,6,5049,5038,5027,5016,5011,5012,5013)
(10432,12,5039,5028,5017)
(10433,24,5032,5043,5054)
(10434,4,5006,5017,5028,5039,5050,5056,5057,5058,5059)
(10435,7,5029,5018,5007)
(10436,11,5016,5027,5038,5044)
(10437,6,5051,5040,5029,5018)
(10438,4,5008,5019,5030,5041,5052,5058)
(10439,17,5031,5020,5009,5003)
(10440,19,5030,5019,5008,5002,5001)
(10441,4,5009,5020,5031,5036,5041,5046,5045,5044)
(10442,20,5030,5019,5008)
(10443,11,5042,5031,5020,5014,5013,5012,5011)
(10444,7,5051,5040,5029,5018,5007,5002,5003)
(10445,24,5032,5043,5054)
(10446,9,5050,5039,5028,5022)
(10447,15,5039,5028,5017,5006)
(10448,5,5020,5031,5042)
(10449,11,5038,5027,5016,5005)
(10450,16,5039,5028,5017,5006,5001,5002)
(10451,7,5051,5040,5029,5018,5007,5002)
(10452,21,5028,5039,5050,5056,5057,5058)
(10453,7,5051,5040,5029,5018,5007,5001)
(10454,15,5017,5028,5039,5045,5046,5047,5048)
(10455,10,5020,5031,5042,5053,5058,5057,5056,5055)
(10456,11,5020,5031,5042,5048)
(10457,15,5017,5028,5039,5045)
(10458,4,5053,5042,5031,5025)
(10459,19,5027,5038,5049,5055,5056,5057)
(10460,11,5020,5031,5042,5053)
(10461,5,5053,5042,5031,5020,5014,5013,5012,5011)
(10462,4,5007,5018,5029)
(10463,6,5029,5040,5051,5057)
(10464,20,5027,5038,5049,5055,5056,5057)
(10465,17,5031,5020,5009,5003,5002)
(10466,12,5016,5027,5038,5044)
(10467,12,5016,5027,5038,5044)
(10468,5,5053,5042,5031,5020,5014,5013,5012)
(10469,13,5043,5032,5021,5010,5004,5003,5002,5001)
(10470,20,5031,5042,5053,5059)
(10471,12,5038,5027,5016,5005)
(10472,10,5041,5030,5019,5008)
(10473,11,5040,5029,5018,5012)
(10474,20,5030,5041,5052)
(10475,24,5027,5016,5005)
(10476,13,5016,5027,5038,5049,5055,5056,5057,5058,5059)
(10477,20,5027,5038,5049,5055,5056)
(10478,3,5052,5041,5030,5019,5008,5002,5001)
(10479,12,5020,5031,5042,5053,5059)
(10480,3,5032,5021,5010)
(10481,5,5054,5043,5032,5026,5025,5024,5023,5022)
(10482,5,5009,5020,5031,5042,5053,5059)
(10483,5,5007,5018,5029,5035)
(10484,15,5021,5032,5043,5054,5059,5058,5057,5056,5055)
(10485,13,5018,5029,5040,5051,5057,5058)
(10486,8,5051,5040,5029,5018,5013,5014,5015)
(10487,20,5030,5041,5052,5058)
(10488,21,5028,5039,5050,5056,5057)
(10489,5,5008,5019,5030,5036,5037)
(10490,14,5040,5029,5018,5007,5001)
(10491,5,5054,5043,5032,5021,5010,5004,5003,5002,5001)
(10492,5,5007,5018,5029,5040,5051,5056)
(10493,25,5027,5016,5005)
(10494,16,5021,5032,5043,5054,5059)
(10495,6,5053,5042,5031,5025,5024)
(10496,8,5051,5040,5029,5018,5013,5014,5015)
(10497,14,5040,5029,5018,5007,5002)
(10498,17,5031,5020,5009,5003,5002,5001,5000)
(10499,12,5020,5031,5042,5053,5058)
(10500,12,5038,5027,5016,5005,5000,5001,5002)
(10501,20,5031,5042,5053,5059)
(10502,23,5028,5017,5006)
(10503,21,5031,5042,5053,5059)
(10504,3,5005,5016,5027,5038,5044,5045,5046)
(10505,10,5050,5039,5028,5022)
(10506,13,5020,5031,5042,5053,5058)
(10507,15,5040,5029,5018,5007,5002,5003,5004)
(10508,20,5030,5019,5008,5002,5001,5000)
(10509,4,5006,5017,5028)
(10510,10,5041,5030,5019,5013,5012,5011)
(10511,21,5027,5038,5049,5055,5056,5057,5058)
